0
0,0,0,0,0,0,0,0,0,0,0,0,0,0,0,0,0,0,0,0,0,0,0,0,0,0,0,0,0,0,0,0,0,0,0,0,0,0,0,0,0,0,0,0,0,0,0,0,0,0,0,0,0,0,0,0,0,0,0,0,0,0,0,0,0,0,0,0,0,0,0,0,0,0,0,0,0,0,0,0,0,0,0,0,0,0,0,0,0,0,0,0,0,0,0,0,0,0,0,0,0,0,0,0,0,0,0,0,0,0,0,0,0,0,0,0,0,0,0,0,0,0,0,0,0,0,0,0,0,0,0,0,0,0,0,0,0,0,0,0,0,0,0,0,0,0,0,0,0,0,0,0,0,0,0,0,0,0,0,0,0,0,0,0,0,0,0,0,0,0,0,0,0,0,0,0,0,0,0,0,0,0,0,0,0,0,0,0,0,0,0,0,0,0,0,0,0,0,0,0,0,0,0,0,0,0,0,0,0,0,0,0,0,0,0,0,0,0,0,0,0,0,0,0,0,0,0,0,0,0,0,0,0,0,0,0,0,0,0,0,0,0,0,0,0,0,0,0,0,0,0,0,0,0,0,0,0,0,0,0,0,0,0,0,0,0,0,0,0,0,0,0,0,0,0,0,0,0,0,0,0,0,0,0,0,0,0,0,0,0,0,0,0,0,0,0,0,0,0,0,0,0,0,0,0,0,0,0,0,0,0,0,0,0,0,0,0,0,0,0,0,0,0,0,0,0,0,0,0,0,0,0,0,0,0,0,0,0,0,0,0,0,0,0,0,0,0,0,0,0,0,0,0,0,0,0,0,0,0,0,0,0,0,0,0,0,0,0,0,0,0,0,0,0,0,0,0,0,0,0,0,0,0,0,0,0,0,0,0,0,0,0,0,0,0,0,0,0,0,0,0,0,0,0,0,0,0,0,0,0,0,0,0,0,0,0,0,0,0,0,0,0,0,0,0,0,0,0,0,0,0,0,0,0,0,0,0,0,0,0,0,0,0,0,0,0,0,0,0,0,0,0,0,0,0,0,0,0,0,0,0,0,0,0,0,0,0,0,0,0,0,0,0,0,0,0,0,0,0,0,0,0,0,0,0,0,0,0,0,0,0,0,0,0,0,0,0,0,0,0,0,0,0,0,0,0,0,0,0,0,0,0,0,0,0,0,0,0,0,0,0,0,0,0,0,0,0,0,0,0,0,0,0,0,0,0,0,0,0,0,0,0,0,0,0,0,0,0,0,0,0,0,0,0,0,0,0,0,0,0,0,0,0,0,0,0,0,0,0,0,0,0,0,0,0,0,0,0,0,0,0,0,0,0,0,0,0,0,0,0,0,0,0,0,0,0,0,0,0,0,0,0,0,0,0,0,0,0,0,0,0,0,0,0,0,0,0,0,0,0,0,0,0,0,0,0,0,0,0,0,0,0,0,0,0,0,0,0,0,0,0,0,0,0,0,0,0,0,0,0,0,0,0,0,0,0,0,0,0,0,0,0,0,0,0,0,0,0,0,0,0,0,0,0,0,0,0,0,0,0,0,0,0,0,0,0,0,0,0,0,0,0,0,0,0,0,0,0,0,0,0,0,0,0,0,0,0,0,0,0,0,0,0,0,0,0,0,0,0,0,0,0,0,0,0,0,0,0,0,0,0,0,0,0,0,0,0,0,0,0,0,0,0,0,0,0,0,0,0,0,0,0,0,0,0,0,0,0,0,0,0,0,0,0,0,0,0,0,0,0,0,0,0,0,0,0,0,0,0,0,0,0,0,0,0,0,0,0,0,0,0,0,0,0,0,0,0,0,0,0,0,0,0,0,0,0,0,0,0,0,0,0,0,0,0,0,0,0,0,0,0,0,0,0,0,0,0,0,0,0,0,0,0,0,0,0,0,0,0,0,0,0,0,0,0,0,0,0,0,0,0,0,0,0,0,0,0,0,0,0,0,0,0,0,0,0,0,0,0,0,0,0,0,0,0,0,0,0,0,0,0,0,0,0,0,0,0,0,0,0,0,0,0,0,0,0,0,0,0,0,0,0,0,0,0,0,0,0,0,0,0,0,0,0,0,0,0,0,0,0,0,0,0,0,0,0,0,0,0,0,0,0,0,0,0,0,0,0,0,0,0,0,0,0,0,0,0,0,0,0,0,0,0,0,0,0,0,0,0,0,0,0,0,0,0,0,0,0,0,0,0,0,0,0,0,0,0,0,0,0,0,0,0,0,0,0,0,0,0,0,0,0,0,0,0,0,0,0,0,0,0,0,0,0,0,0,0,0,0,0,0,0,0,0,0,0,0,0,0,0,0,0,0,0
0.002902
0,0,0,0,0,0,0,0,0,0,0,0,0,0,0,0,0,0,0,0,0,0,0,0,0,0,0,0,0,0,0,0,0,0,0,0,0,0,0,0,0,0,0,0,0,0,0,0,0,0,0,0,0,0,0,0,0,0,0,0,0,0,0,0,0,0,0,0,0,0,0,0,0,0,0,0,0,0,0,0,0,0,0,0,0,0,0,0,0,0,0,0,0,0,0,0,0,0,0,0,0,0,0,0,0,0,0,0,0,0,0,0,0,0,0,0,0,0,0,0,0,0,0,0,0,0,0,0,0,0,0,0,0,0,0,0,0,0,0,0,0,0,0,0,0,0,0,0,0,0,0,0,0,0,0,0,0,0,0,0,0,0,0,0,0,0,0,0,0,0,0,0,0,0,0,0,0,0,0,0,0,0,0,0,0,0,0,0,0,0,0,0,0,0,0,0,0,0,0,0,0,0,0,0,0,0,0,0,0,0,0,0,0,0,0,0,0,0,0,0,0,0,0,0,0,0,0,0,0,0,0,0,0,0,0,0,0,0,0,0,0,0,0,0,0,0,0,0,0,0,0,0,0,0,0,0,0,0,0,0,0,0,0,0,0,0,0,0,0,0,0,0,0,0,0,0,0,0,0,0,0,0,0,0,0,0,0,0,0,0,0,0,0,0,0,0,0,0,0,0,0,0,0,0,0,0,0,0,0,0,0,0,0,0,0,0,0,0,0,0,0,0,0,0,0,0,0,0,0,0,0,0,0,0,0,0,0,0,0,0,0,0,0,0,0,0,0,0,0,0,0,0,0,0,0,0,0,0,0,0,0,0,0,0,0,0,0,0,0,0,0,0,0,0,0,0,0,0,0,0,0,0,0,0,0,0,0,0,0,0,0,0,0,0,0,0,0,0,0,0,0,0,0,0,0,0,0,0,0,0,0,0,0,0,0,0,0,0,0,0,0,0,0,0,0,0,0,0,0,0,0,0,0,0,0,0,0,0,0,0,0,0,0,0,0,0,0,0,0,0,0,0,0,0,0,0,0,0,0,0,0,0,0,0,0,0,0,0,0,0,0,0,0,0,0,0,0,0,0,0,0,0,0,0,0,0,0,0,0,0,0,0,0,0,0,0,0,0,0,0,0,0,0,0,0,0,0,0,0,0,0,0,0,0,0,0,0,0,0,0,0,0,0,0,0,0,0,0,0,0,0,0,0,0,0,0,0,0,0,0,0,0,0,0,0,0,0,0,0,0,0,0,0,0,0,0,0,0,0,0,0,0,0,0,0,0,0,0,0,0,0,0,0,0,0,0,0,0,0,0,0,0,0,0,0,0,0,0,0,0,0,0,0,0,0,0,0,0,0,0,0,0,0,0,0,0,0,0,0,0,0,0,0,0,0,0,0,0,0,0,0,0,0,0,0,0,0,0,0,0,0,0,0,0,0,0,0,0,0,0,0,0,0,0,0,0,0,0,0,0,0,0,0,0,0,0,0,0,0,0,0,0,0,0,0,0,0,0,0,0,0,0,0,0,0,0,0,0,0,0,0,0,0,0,0,0,0,0,0,0,0,0,0,0,0,0,0,0,0,0,0,0,0,0,0,0,0,0,0,0,0,0,0,0,0,0,0,0,0,0,0,0,0,0,0,0,0,0,0,0,0,0,0,0,0,0,0,0,0,0,0,0,0,0,0,0,0,0,0,0,0,0,0,0,0,0,0,0,0,0,0,0,0,0,0,0,0,0,0,0,0,0,0,0,0,0,0,0,0,0,0,0,0,0,0,0,0,0,0,0,0,0,0,0,0,0,0,0,0,0,0,0,0,0,0,0,0,0,0,0,0,0,0,0,0,0,0,0,0,0,0,0,0,0,0,0,0,0,0,0,0,0,0,0,0,0,0,0,0,0,0,0,0,0,0,0,0,0,0,0,0,0,0,0,0,0,0,0,0,0,0,0,0,0,0,0,0,0,0,0,0,0,0,0,0,0,0,0,0,0,0,0,0,0,0,0,0,0,0,0,0,0,0,0,0,0,0,0,0,0,0,0,0,0,0,0,0,0,0,0,0,0,0,0,0,0,0,0,0,0,0,0,0,0,0,0,0,0,0,0,0,0,0,0,0,0,0,0,0,0,0,0,0,0,0,0,0,0,0,0,0,0,0,0,0,0,0,0,0,0,0,0,0,0,0,0,0,0,0,0,0,0,0,0,0,0,0,0,0,0,0,0,0,0,0,0,0,0,0,0,0,0,0,0,0,0,0,0,0,0,0,0,0,0,0,0,0,0,0,0,0,0,0,0,0,0,0,0,0,0,0,0,0,0
0.020314
0,0,0,0,0,0,0,0,0,0,0,0,0,0,0,0,0,0,0,0,0,0,0,0,0,0,0,0,0,0,0,0,0,0,0,0,0,0,0,0,0,0,0,0,0,0,0,0,0,0,0,0,0,0,0,0,0,0,0,0,0,0,0,0,0,0,0,0,0,0,0,0,0,0,0,0,0,0,0,0,0,0,0,0,0,0,0,0,0,0,0,0,0,0,0,0,0,0,0,0,0,0,0,0,0,0,0,0,0,0,0,0,0,0,0,0,0,0,0,0,0,0,0,0,0,0,0,0,0,0,0,0,0,0,0,0,0,0,0,0,0,0,0,0,0,0,0,0,0,0,0,0,0,0,0,0,0,0,0,0,0,0,0,0,0,0,0,0,0,0,0,0,0,0,0,0,0,0,0,0,0,0,0,0,0,0,0,0,0,0,0,0,0,0,0,0,0,0,0,0,0,0,0,0,0,0,0,0,0,0,0,0,0,0,0,0,0,0,0,0,0,0,0,0,0,0,0,0,0,0,0,0,0,0,0,0,0,0,0,0,0,0,0,0,0,0,0,0,0,0,0,0,0,0,0,0,0,0,0,0,0,0,0,0,0,0,0,0,0,0,0,0,0,0,0,0,0,0,0,0,0,0,0,0,0,0,0,0,0,0,0,0,0,0,0,0,0,0,0,0,0,0,0,0,0,0,0,0,0,0,0,0,0,0,0,0,0,0,0,0,0,0,0,0,0,0,0,0,0,0,0,0,0,0,0,0,0,0,0,0,0,0,0,0,0,0,0,0,0,0,0,0,0,0,0,0,0,0,0,0,0,0,0,0,0,0,0,0,0,0,0,0,0,0,0,0,0,0,0,0,0,0,0,0,0,0,0,0,0,0,0,0,0,0,0,0,0,0,0,0,0,0,0,0,0,0,0,0,0,0,0,0,0,0,0,0,0,0,0,0,0,0,0,0,0,0,0,0,0,0,0,0,0,0,0,0,0,0,0,0,0,0,0,0,0,0,0,0,0,0,0,0,0,0,0,0,0,0,0,0,0,0,0,0,0,0,0,0,0,0,0,0,0,0,0,0,0,0,0,0,0,0,0,0,0,0,0,0,0,0,0,0,0,0,0,0,0,0,0,0,0,0,0,0,0,0,0,0,0,0,0,0,0,0,0,0,0,0,0,0,0,0,0,0,0,0,0,0,0,0,0,0,0,0,0,0,0,0,0,0,0,0,0,0,0,0,0,0,0,0,0,0,0,0,0,0,0,0,0,0,0,0,0,0,0,0,0,0,0,0,0,0,0,0,0,0,0,0,0,0,0,0,0,0,0,0,0,0,0,0,0,0,0,0,0,0,0,0,0,0,0,0,0,0,0,0,0,0,0,0,0,0,0,0,0,0,0,0,0,0,0,0,0,0,0,0,0,0,0,0,0,0,0,0,0,0,0,0,0,0,0,0,0,0,0,0,0,0,0,0,0,0,0,0,0,0,0,0,0,0,0,0,0,0,0,0,0,0,0,0,0,0,0,0,0,0,0,0,0,0,0,0,0,0,0,0,0,0,0,0,0,0,0,0,0,0,0,0,0,0,0,0,0,0,0,0,0,0,0,0,0,0,0,0,0,0,0,0,0,0,0,0,0,0,0,0,0,0,0,0,0,0,0,0,0,0,0,0,0,0,0,0,0,0,0,0,0,0,0,0,0,0,0,0,0,0,0,0,0,0,0,0,0,0,0,0,0,0,0,0,0,0,0,0,0,0,0,0,0,0,0,0,0,0,0,0,0,0,0,0,0,0,0,0,0,0,0,0,0,0,0,0,0,0,0,0,0,0,0,0,0,0,0,0,0,0,0,0,0,0,0,0,0,0,0,0,0,0,0,0,0,0,0,0,0,0,0,0,0,0,0,0,0,0,0,0,0,0,0,0,0,0,0,0,0,0,0,0,0,0,0,0,0,0,0,0,0,0,0,0,0,0,0,0,0,0,0,0,0,0,0,0,0,0,0,0,0,0,0,0,0,0,0,0,0,0,0,0,0,0,0,0,0,0,0,0,0,0,0,0,0,0,0,0,0,0,0,0,0,0,0,0,0,0,0,0,0,0,0,0,0,0,0,0,0,0,0,0,0,0,0,0,0,0,0,0,0,0,0,0,0,0,0,0,0,0,0,0,0,0,0,0,0,0,0,0,0,0,0,0,0,0,0,0,0,0,0,0,0,0,0,0,0,0,0,0,0,0,0,0,0,0,0,0,0,0,0,0,0,0,0,0,0,0,0,0,0,0,0,0,0,0,0,0,0,0,0,0,0,0,0,0,0,0
0.037726
0,0,0,0,0,0,0,0,0,0,0,0,0,0,0,0,0,0,0,0,0,0,0,0,0,0,0,0,0,0,0,0,0,0,0,0,0,0,0,0,0,0,0,0,0,0,0,0,0,0,0,0,0,0,0,0,0,0,0,0,0,0,0,0,0,0,0,0,0,0,0,0,0,0,0,0,0,0,0,0,0,0,0,0,0,0,0,0,0,0,0,0,0,0,0,0,0,0,0,0,0,0,0,0,0,0,0,0,0,0,0,0,0,0,0,0,0,0,0,0,0,0,0,0,0,0,0,0,0,0,0,0,0,0,0,0,0,0,0,0,0,0,0,0,0,0,0,0,0,0,0,0,0,0,0,0,0,0,0,0,0,0,0,0,0,0,0,0,0,0,0,0,0,0,0,0,0,0,0,0,0,0,0,0,0,0,0,0,0,0,0,0,0,0,0,0,0,0,0,0,0,0,0,0,0,0,0,0,0,0,0,0,0,0,0,0,0,0,0,0,0,0,0,0,0,0,0,0,0,0,0,0,0,0,0,0,0,0,0,0,0,0,0,0,0,0,0,0,0,0,0,0,0,0,0,0,0,0,0,0,0,0,0,0,0,0,0,0,0,0,0,0,0,0,0,0,0,0,0,0,0,0,0,0,0,0,0,0,0,0,0,0,0,0,0,0,0,0,0,0,0,0,0,0,0,0,0,0,0,0,0,0,0,0,0,0,0,0,0,0,0,0,0,0,0,0,0,0,0,0,0,0,0,0,0,0,0,0,0,0,0,0,0,0,0,0,0,0,0,0,0,0,0,0,0,0,0,0,0,0,0,0,0,0,0,0,0,0,0,0,0,0,0,0,0,0,0,0,0,0,0,0,0,0,0,0,0,0,0,0,0,0,0,0,0,0,0,0,0,0,0,0,0,0,0,0,0,0,0,0,0,0,0,0,0,0,0,0,0,0,0,0,0,0,0,0,0,0,0,0,0,0,0,0,0,0,0,0,0,0,0,0,0,0,0,0,0,0,0,0,0,0,0,0,0,0,0,0,0,0,0,0,0,0,0,0,0,0,0,0,0,0,0,0,0,0,0,0,0,0,0,0,0,0,0,0,0,0,0,0,0,0,0,0,0,0,0,0,0,0,0,0,0,0,0,0,0,0,0,0,0,0,0,0,0,0,0,0,0,0,0,0,0,0,0,0,0,0,0,0,0,0,0,0,0,0,0,0,0,0,0,0,0,0,0,0,0,0,0,0,0,0,0,0,0,0,0,0,0,0,0,0,0,0,0,0,0,0,0,0,0,0,0,0,0,0,0,0,0,0,0,0,0,0,0,0,0,0,0,0,0,0,0,0,0,0,0,0,0,0,0,0,0,0,0,0,0,0,0,0,0,0,0,0,0,0,0,0,0,0,0,0,0,0,0,0,0,0,0,0,0,0,0,0,0,0,0,0,0,0,0,0,0,0,0,0,0,0,0,0,0,0,0,0,0,0,0,0,0,0,0,0,0,0,0,0,0,0,0,0,0,0,0,0,0,0,0,0,0,0,0,0,0,0,0,0,0,0,0,0,0,0,0,0,0,0,0,0,0,0,0,0,0,0,0,0,0,0,0,0,0,0,0,0,0,0,0,0,0,0,0,0,0,0,0,0,0,0,0,0,0,0,0,0,0,0,0,0,0,0,0,0,0,0,0,0,0,0,0,0,0,0,0,0,0,0,0,0,0,0,0,0,0,0,0,0,0,0,0,0,0,0,0,0,0,0,0,0,0,0,0,0,0,0,0,0,0,0,0,0,0,0,0,0,0,0,0,0,0,0,0,0,0,0,0,0,0,0,0,0,0,0,0,0,0,0,0,0,0,0,0,0,0,0,0,0,0,0,0,0,0,0,0,0,0,0,0,0,0,0,0,0,0,0,0,0,0,0,0,0,0,0,0,0,0,0,0,0,0,0,0,0,0,0,0,0,0,0,0,0,0,0,0,0,0,0,0,0,0,0,0,0,0,0,0,0,0,0,0,0,0,0,0,0,0,0,0,0,0,0,0,0,0,0,0,0,0,0,0,0,0,0,0,0,0,0,0,0,0,0,0,0,0,0,0,0,0,0,0,0,0,0,0,0,0,0,0,0,0,0,0,0,0,0,0,0,0,0,0,0,0,0,0,0,0,0,0,0,0,0,0,0,0,0,0,0,0,0,0,0,0,0,0,0,0,0,0,0,0,0,0,0,0,0,0,0,0,0,0,0,0,0,0,0,0,0,0,0,0,0,0,0,0,0,0,0,0,0,0,0,0,0,0,0,0,0,0,0,0,0,0,0,0,0
0.049334
0,0,0,0,0,0,0,0,0,0,0,0,0,0,0,0,0,0,0,25,48,62,70,72,71,64,53,34,2,0,0,0,0,0,0,0,0,0,0,0,0,0,0,0,1,9,15,19,21,19,13,3,0,0,0,0,0,0,0,0,0,0,0,0,0,0,0,0,0,2,5,9,12,9,3,0,0,0,0,0,0,0,0,0,0,0,0,0,0,0,0,0,0,0,0,0,0,0,0,0,0,0,0,0,0,0,0,0,0,0,0,0,0,0,0,0,0,0,0,0,0,0,0,0,0,0,0,0,0,0,0,0,0,0,0,0,0,0,0,0,0,0,0,0,0,0,0,0,0,0,0,0,0,0,0,0,0,0,0,0,0,0,0,0,0,0,0,0,0,0,0,0,0,0,0,0,0,0,0,0,0,0,0,0,0,0,0,0,0,0,0,0,0,0,0,0,0,0,0,0,0,0,0,0,0,0,0,0,0,0,0,0,0,0,0,0,0,0,0,0,0,0,0,0,0,0,0,0,0,0,0,0,0,0,0,0,0,0,0,0,0,0,0,0,0,0,0,0,0,0,0,0,0,0,0,0,0,0,0,0,0,0,0,0,0,0,0,0,0,0,0,0,0,0,0,0,0,0,0,0,0,0,0,0,0,0,0,0,0,0,0,0,0,0,0,0,0,0,0,0,0,0,0,0,0,0,0,0,0,0,0,0,0,0,0,0,0,0,0,0,0,0,0,0,0,0,0,0,0,0,0,0,0,0,0,0,0,0,0,0,0,0,0,0,0,0,0,0,0,0,0,0,0,0,0,0,0,0,0,0,0,0,0,0,0,0,0,0,0,0,0,0,0,0,0,0,0,0,0,0,0,0,0,0,0,0,0,0,0,0,0,0,0,0,0,0,0,0,0,0,0,0,0,0,0,0,0,0,0,0,0,0,0,0,0,0,0,0,0,0,0,0,0,0,0,0,0,0,0,0,0,0,0,0,0,0,0,0,0,0,0,0,0,0,0,0,0,0,0,0,0,0,0,0,0,0,0,0,0,0,0,0,0,0,0,0,0,0,0,0,0,0,0,0,0,0,0,0,0,0,0,0,0,0,0,0,0,0,0,0,0,0,0,0,0,0,0,0,0,0,0,0,0,0,0,0,0,0,0,0,0,0,0,0,0,0,0,0,0,0,0,0,0,0,0,0,0,0,0,0,0,0,0,0,0,0,0,0,0,0,0,0,0,0,0,0,0,0,0,0,0,0,0,0,0,0,0,0,0,0,0,0,0,0,0,0,0,0,0,0,0,0,0,0,0,0,0,0,0,0,0,0,0,0,0,0,0,0,0,0,0,0,0,0,0,0,0,0,0,0,0,0,0,0,0,0,0,0,0,0,0,0,0,0,0,0,0,0,0,0,0,0,0,0,0,0,0,0,0,0,0,0,0,0,0,0,0,0,0,0,0,0,0,0,0,0,0,0,0,0,0,0,0,0,0,0,0,0,0,0,0,0,0,0,0,0,0,0,0,0,0,0,0,0,0,0,0,0,0,0,0,0,0,0,0,0,0,0,0,0,0,0,0,0,0,0,0,0,0,0,0,0,0,0,0,0,0,0,0,0,0,0,0,0,0,0,0,0,0,0,0,0,0,0,0,0,0,0,0,0,0,0,0,0,0,0,0,0,0,0,0,0,0,0,0,0,0,0,0,0,0,0,0,0,0,0,0,0,0,0,0,0,0,0,0,0,0,0,0,0,0,0,0,0,0,0,0,0,0,0,0,0,0,0,0,0,0,0,0,0,0,0,0,0,0,0,0,0,0,0,0,0,0,0,0,0,0,0,0,0,0,0,0,0,0,0,0,0,0,0,0,0,0,0,0,0,0,0,0,0,0,0,0,0,0,0,0,0,0,0,0,0,0,0,0,0,0,0,0,0,0,0,0,0,0,0,0,0,0,0,0,0,0,0,0,0,0,0,0,0,0,0,0,0,0,0,0,0,0,0,0,0,0,0,0,0,0,0,0,0,0,0,0,0,0,0,0,0,0,0,0,0,0,0,0,0,0,0,0,0,0,0,0,0,0,0,0,0,0,0,0,0,0,0,0,0,0,0,0,0,0,0,0,0,0,0,0,0,0,0,0,0,0,0,0,0,0,0,0,0,0,0,0,0,0,0,0,0,0,0,0,0,0,0,0,0,0,0,0,0,0,0,0,0,0,0,0,0,0,0,0,0,0,0,0,0,0,0,0,0,0,0,0,0,0,0,0,0,0,0,0,0,0,0,0,0,0,0,0,0,0,0,0,0,0,0,0,0,0,0,0,0,0,0
0.066746
9,31,32,6,0,0,0,23,37,42,36,28,21,17,24,13,0,0,40,72,115,152,174,181,173,152,124,95,64,53,49,27,21,31,16,0,11,28,32,8,8,37,58,81,101,111,105,84,105,117,117,108,92,68,41,0,9,16,13,11,10,13,18,38,65,97,123,141,148,144,130,112,103,95,90,83,71,49,14,0,2,24,30,27,20,11,6,9,22,48,70,80,81,80,85,92,95,96,93,84,71,57,37,8,3,28,38,35,21,2,24,55,72,79,80,78,69,56,49,46,41,37,32,24,15,8,3,0,0,0,0,0,0,0,0,11,12,8,0,0,0,0,0,1,0,0,0,0,0,0,0,0,0,0,0,0,0,1,13,21,15,0,0,0,0,0,0,0,0,0,0,0,0,0,0,0,0,0,0,0,2,8,0,0,0,0,0,0,0,0,0,0,0,0,0,0,0,0,0,0,0,0,19,33,36,34,27,7,0,0,0,0,0,0,0,0,0,0,0,0,0,0,0,0,0,0,12,18,15,3,0,0,0,0,0,0,0,0,0,0,0,0,0,0,0,0,0,0,0,9,14,7,0,0,0,0,0,0,0,0,0,0,0,0,0,0,0,0,0,4,0,0,0,0,0,0,0,0,0,0,1,1,0,0,0,0,0,0,0,0,0,0,0,2,11,15,10,0,0,0,0,0,0,0,0,0,0,0,0,0,0,0,0,0,0,0,0,0,0,0,0,0,0,0,0,0,0,0,0,0,0,0,0,0,0,0,0,0,0,0,0,0,0,0,0,0,0,0,0,0,0,0,0,0,0,0,0,0,0,0,0,0,0,0,0,0,0,0,0,0,0,0,0,0,0,0,0,0,0,0,0,0,0,0,0,0,0,0,0,0,0,0,0,0,0,0,0,0,0,0,0,0,0,0,0,0,0,0,0,0,0,0,0,0,0,0,0,0,0,0,0,0,0,0,0,0,0,0,0,0,0,0,0,0,0,0,0,0,0,0,0,0,0,0,0,0,0,0,0,0,0,0,0,0,0,0,0,0,0,0,0,0,0,0,0,0,0,0,0,0,0,0,0,0,0,0,0,0,0,0,0,0,0,0,0,0,0,0,0,0,0,0,0,0,0,0,0,0,0,0,0,0,0,0,0,0,0,0,0,0,0,0,0,0,0,0,0,0,0,0,0,0,0,0,0,0,0,0,0,0,0,0,0,0,0,0,0,0,0,0,0,0,0,0,0,0,0,0,0,0,0,0,0,0,0,0,0,0,0,0,0,0,0,0,0,0,0,0,0,0,0,0,0,0,0,0,0,0,0,0,0,0,0,0,0,0,0,0,0,0,0,0,0,0,0,0,0,0,0,0,0,0,0,0,0,0,0,0,0,0,0,0,0,0,0,0,0,0,0,0,0,0,0,0,0,0,0,0,0,0,0,0,0,0,0,0,0,0,0,0,0,0,0,0,0,0,0,0,0,0,0,0,0,0,0,0,0,0,0,0,0,0,0,0,0,0,0,0,0,0,0,0,0,0,0,0,0,0,0,0,0,0,0,0,0,0,0,0,0,0,0,0,0,0,0,0,0,0,0,0,0,0,0,0,0,0,0,0,0,0,0,0,0,0,0,0,0,0,0,0,0,0,0,0,0,0,0,0,0,0,0,0,0,0,0,0,0,0,0,0,0,0,0,0,0,0,0,0,0,0,0,0,0,0,0,0,0,0,0,0,0,0,0,0,0,0,0,0,0,0,0,0,0,0,0,0,0,0,0,0,0,0,0,0,0,0,0,0,0,0,0,0,0,0,0,0,0,0,0,0,0,0,0,0,0,0,0,0,0,0,0,0,0,0,0,0,0,0,0,0,0,0,0,0,0,0,0,0,0,0,0,0,0,0,0,0,0,0,0,0,0,0,0,0,0,0,0,0,0,0,0,0,0,0,0,0,0,0,0,0,0,0,0,0,0,0,0,0,0,0,0,0,0,0,0,0,0,0,0,0,0,0,0,0,0,0,0,0,0,0,0,0,0,0,0,0,0,0,0,0,0,0,0,0,0,0,0,0,0,0,0,0,0,0,0,0,0,0,0,0,0,0,0,0,0,0,0,0,0,0,0,0,0,0,0,0,0,0,0,0,0,0,0,0,0,0,0,0,0,0,0,0,0,0,0,0,0,0,0,0,0,0,0,0,0,0,0,0,0,0,0,0,0,0,0,0,0,0,0,0,0,0,0,0,0,0,0,0,0,0,0,0,0,0,0,0,0,0,0,0,0,0,0,0,0,0,0,0,0,0,0,0,0,0,0,0,0,0,0,0,0,0,0,0
0.084158
29,41,41,20,0,0,0,30,49,50,38,29,26,20,24,30,35,43,63,73,118,168,202,210,191,146,125,92,70,57,51,52,50,43,15,14,29,42,50,33,29,44,64,76,112,134,134,113,114,120,123,118,98,69,38,16,25,26,11,16,19,27,37,44,70,110,143,169,183,178,150,118,103,91,88,84,76,55,24,0,15,34,34,41,33,12,25,29,35,58,88,107,103,92,89,91,97,98,94,88,71,63,55,31,28,47,58,55,42,26,53,88,111,130,137,125,88,63,61,60,54,46,37,24,21,10,8,15,0,0,0,7,16,16,19,39,42,57,58,34,0,3,20,23,15,0,0,0,1,18,24,19,2,0,0,0,22,48,70,82,78,54,8,0,0,0,0,0,0,0,0,0,0,0,0,0,0,0,0,0,30,55,64,57,30,0,7,0,0,0,0,0,0,0,0,0,0,0,0,0,0,28,49,69,86,94,87,62,22,0,0,0,0,0,0,0,0,0,0,0,0,0,0,0,0,24,39,44,41,23,1,0,0,0,0,0,0,0,0,0,0,0,0,0,0,0,0,0,20,44,53,48,29,7,0,0,0,0,0,0,0,0,0,0,0,0,0,4,20,24,20,18,16,8,0,0,0,0,4,1,3,6,1,0,0,0,0,0,0,0,0,0,13,34,47,53,48,33,17,9,0,0,0,0,0,0,0,0,0,0,0,0,0,0,0,0,0,0,0,0,8,9,7,0,0,0,0,0,0,0,0,0,0,0,0,0,0,0,0,0,0,6,16,20,12,0,0,0,0,0,0,0,0,0,0,0,0,0,0,0,0,0,0,0,0,0,0,0,0,0,0,0,0,0,0,0,0,0,0,0,0,0,0,0,0,0,0,0,0,0,0,0,0,0,0,0,0,0,0,0,0,0,0,0,0,0,0,0,0,15,10,0,0,0,0,0,0,0,0,0,0,0,0,0,0,0,0,0,0,0,0,5,20,25,24,17,6,0,0,0,0,0,0,0,0,0,0,0,0,0,0,0,0,0,0,9,17,9,0,0,0,0,0,0,0,0,0,0,0,0,0,0,0,0,0,0,0,0,0,0,0,0,0,0,0,0,0,0,0,0,0,0,0,0,0,0,0,0,0,0,0,0,0,0,0,0,0,0,0,0,0,0,0,0,0,0,0,0,0,0,0,0,0,0,0,0,0,0,0,0,0,0,0,0,0,0,0,0,0,0,0,0,0,0,0,0,0,0,1,2,0,0,0,0,0,0,0,0,0,0,0,0,0,0,0,0,0,0,0,0,0,0,0,0,0,0,0,0,0,0,0,0,0,0,0,0,0,0,0,0,0,0,0,0,0,0,0,0,0,0,0,0,0,0,0,0,0,0,0,0,0,0,0,0,0,0,0,0,0,0,0,0,0,0,0,0,0,0,0,0,0,0,0,0,0,0,0,0,0,0,0,0,0,0,0,0,0,0,0,0,0,0,0,0,0,0,0,0,0,0,0,0,0,0,0,0,0,0,0,0,0,0,0,0,0,0,0,0,0,0,0,0,0,0,0,0,0,0,0,0,0,0,0,0,0,0,0,0,0,0,0,0,0,0,0,0,0,0,0,0,0,0,0,0,0,0,0,0,0,0,0,0,0,0,0,0,0,0,0,0,0,0,0,0,0,0,0,0,0,0,0,0,0,0,0,0,0,0,0,0,0,0,0,0,0,0,0,0,0,0,0,0,0,0,0,0,0,0,0,0,0,0,0,0,0,0,0,0,0,0,0,0,0,0,0,0,0,0,0,0,0,0,0,0,0,0,0,0,0,0,0,0,0,0,0,0,0,0,0,0,0,0,0,0,0,0,0,0,0,0,0,0,0,0,0,0,0,0,0,0,0,0,0,0,0,0,0,0,0,0,0,0,0,0,0,0,0,0,0,0,0,0,0,0,0,0,0,0,0,0,0,0,0,0,0,0,0,0,0,0,0,0,0,0,0,0,0,0,0,0,0,0,0,0,0,0,0,0,0,0,0,0,0,0,0,0,0,0,0,0,0,0,0,0,0,0,0,0,0,0,0,0,0,0,0,0,0,0,0,0,0,0,0,0,0,0,0,0,0,0,0,0,0,0,0,0,0,0,0,0,0,0,0,0,0,0,0,0,0,0,0,0,0,0,0,0,0,0,0,0,0,0,0,0,0,0,0,0,0,0,0,0,0,0,0,0,0,0,0,0,0,0,0,0,0,0,0,0,0,0,0,0,0,0,0,0,0,0,0,0,0,0,0,0,0,0,0,0,0,0,0,0,0,0,0,0,0,0,0,0,0,0,0,0
0.10157
31,41,40,19,2,0,0,23,46,48,33,28,25,15,20,28,32,39,62,73,113,171,212,223,205,154,119,86,63,54,49,48,45,39,14,12,25,41,53,46,45,49,61,71,109,137,143,125,114,114,117,113,94,62,35,21,26,31,21,19,21,24,34,41,67,104,137,165,187,188,164,121,99,88,84,79,71,50,27,10,19,29,35,46,39,17,23,27,31,59,83,112,120,108,91,86,91,93,88,82,66,60,49,32,29,44,51,52,41,21,50,84,106,131,150,146,114,71,57,57,48,40,33,24,18,8,14,24,14,0,0,7,19,18,19,38,56,81,86,65,12,0,18,21,16,4,0,0,4,20,23,20,1,0,0,1,18,47,64,86,98,90,59,11,0,0,0,0,0,0,0,0,0,0,0,0,0,0,0,8,34,52,67,75,64,36,22,5,0,0,0,0,0,0,0,0,0,0,0,0,0,23,45,68,86,93,100,92,60,5,3,1,0,0,0,0,0,0,0,0,0,0,0,0,0,20,36,42,44,41,27,0,0,0,0,0,0,0,0,0,0,0,0,0,0,0,0,0,19,40,50,49,23,31,19,0,0,0,0,0,0,0,0,0,0,0,0,0,14,18,14,11,12,14,15,24,27,18,10,3,1,1,0,0,0,0,0,0,0,0,0,0,9,28,42,47,45,36,29,28,4,0,0,0,0,0,0,0,0,0,0,0,0,0,0,0,0,0,0,1,17,35,39,19,0,0,0,0,0,0,0,0,0,0,0,0,0,0,0,0,0,7,22,32,32,18,0,0,0,0,0,0,0,0,0,0,0,0,0,0,0,0,0,0,0,0,0,5,7,0,0,0,0,0,0,0,0,0,0,0,0,0,0,0,0,0,0,0,0,1,13,12,0,0,0,0,0,0,0,0,0,0,0,0,0,0,0,0,0,17,12,0,0,9,13,3,0,0,0,0,0,0,0,0,0,0,0,0,0,0,0,4,17,19,22,28,36,26,0,0,0,0,0,0,0,0,0,0,0,0,0,0,0,0,0,12,24,14,0,0,0,0,0,0,0,0,0,0,0,0,0,0,0,0,0,0,0,0,0,0,0,0,0,0,0,0,0,0,0,0,0,0,0,0,0,0,0,0,0,0,0,0,0,0,0,0,0,0,0,0,0,0,0,0,0,0,0,0,0,0,0,0,0,0,0,0,0,0,0,0,0,0,0,0,0,0,0,0,0,0,0,0,0,0,0,0,0,4,6,1,12,12,4,0,0,0,0,0,0,0,0,0,0,0,0,0,0,0,0,0,0,0,0,0,0,0,0,0,0,0,0,0,0,0,0,0,0,0,0,0,0,0,0,0,0,0,0,3,0,0,0,0,0,0,0,0,0,0,0,0,0,0,0,0,0,0,0,0,0,7,16,7,0,0,0,0,0,0,0,0,0,0,0,0,0,0,0,0,0,0,0,0,0,0,0,0,0,0,0,0,0,0,0,0,0,0,0,0,0,0,0,0,0,0,0,0,0,0,0,0,0,0,0,0,0,0,0,0,0,0,0,0,0,0,0,0,0,0,0,0,0,0,0,0,0,0,0,0,0,0,0,0,0,0,0,0,0,0,0,0,0,0,0,0,0,0,0,0,0,0,0,0,0,0,0,0,0,0,0,0,0,0,0,0,0,0,0,0,0,0,0,0,0,0,0,0,0,0,0,0,0,0,0,0,0,0,0,0,0,0,0,0,0,0,0,0,0,0,0,0,0,0,0,0,0,0,0,0,0,0,0,0,0,0,0,0,0,0,0,0,0,0,0,0,0,0,0,0,0,0,0,0,0,0,0,0,0,0,0,0,0,0,0,0,0,0,0,0,0,0,0,0,0,0,0,0,0,0,0,0,0,0,0,0,0,0,0,0,0,0,0,0,0,0,0,0,0,0,0,0,0,0,0,0,0,0,0,0,0,0,0,0,0,0,0,0,0,0,0,0,0,0,0,0,0,0,0,0,0,0,0,0,0,0,0,0,0,0,0,0,0,0,0,0,0,0,0,0,0,0,0,0,0,0,0,0,0,0,0,0,0,0,0,0,0,0,0,0,0,0,0,0,0,0,0,0,0,0,0,0,0,0,0,0,0,0,0,0,0,0,0,0,0,0,0,0,0,0,0,0,0,0,0,0,0,0,0,0,0,0,0,0,0,0,0,0,0,0,0,0,0,0,0,0,0,0,0,0,0,0,0,0,0,0,0,0,0,0,0,0,0,0,0,0,0,0,0,0,0,0,0,0,0,0,0,0,0,0,0,0,0,0,0,0,0,0,0,0,0,0,0,0,0,0
0.118982
30,41,41,24,4,0,0,23,44,44,27,25,21,11,18,30,35,39,58,70,107,171,217,230,212,160,113,80,57,48,44,44,40,38,19,13,22,35,49,43,45,48,57,67,108,140,150,133,112,108,111,108,90,62,43,28,24,34,25,20,22,23,35,42,62,99,131,161,188,193,170,119,97,86,82,76,68,46,27,18,19,25,33,46,38,13,18,24,30,55,88,122,132,117,91,82,86,88,84,78,64,57,47,32,27,39,48,47,41,26,48,79,101,128,154,156,129,78,55,52,43,36,29,27,24,14,15,25,13,1,2,8,18,15,18,35,57,92,101,82,30,0,16,17,18,13,10,13,20,23,24,27,15,2,1,6,20,46,60,83,99,99,76,30,0,0,0,0,0,0,0,0,0,0,0,0,0,0,5,19,33,48,64,82,81,57,24,3,0,0,0,0,0,0,0,0,0,0,0,0,0,18,41,64,82,86,102,103,77,18,6,1,0,0,0,0,0,0,0,0,0,0,0,0,0,17,32,37,38,47,45,19,0,0,0,0,0,0,0,0,0,0,0,0,0,0,0,0,15,36,44,47,46,56,41,6,0,0,0,0,0,0,0,0,0,0,0,0,7,11,8,5,7,11,17,38,44,28,6,0,0,0,0,0,0,0,0,0,0,0,0,0,3,21,35,41,40,30,32,37,16,0,0,0,0,0,0,0,0,0,0,0,0,0,0,0,0,0,0,0,17,45,51,30,0,0,0,0,0,0,0,0,0,0,0,0,0,0,0,0,0,2,16,27,32,26,4,0,0,0,0,0,0,0,0,0,0,0,0,0,0,0,0,0,0,0,0,22,27,8,0,0,0,0,0,0,0,0,0,0,0,0,0,0,0,0,0,0,0,0,25,32,12,0,0,0,0,0,0,0,0,0,0,0,0,0,2,2,0,17,13,0,5,14,17,3,0,0,0,0,0,0,0,0,0,0,0,0,0,0,0,0,12,14,17,23,42,42,18,0,0,0,0,0,0,0,0,0,0,0,0,0,0,0,0,8,18,10,0,8,13,2,0,0,0,0,0,0,0,0,0,0,0,0,0,0,0,0,0,0,0,0,5,11,0,0,0,0,0,0,0,0,0,0,0,0,0,0,0,0,0,0,0,0,0,7,14,0,0,0,0,0,0,0,0,0,0,0,0,0,0,0,0,0,0,0,0,0,4,2,0,0,0,0,0,0,0,0,0,0,0,0,0,0,0,0,0,0,3,2,13,14,13,0,0,0,0,0,0,0,0,0,0,0,0,0,0,0,0,0,0,0,0,0,0,0,0,0,0,0,0,0,0,0,0,0,0,0,0,0,0,0,0,0,0,0,0,14,11,0,0,0,0,0,0,0,0,0,0,0,0,0,0,0,0,0,0,0,0,8,30,32,13,0,0,0,0,0,0,0,0,0,0,0,0,0,0,0,0,0,0,0,0,4,0,0,0,0,0,0,0,0,0,0,0,0,0,0,0,0,0,0,0,0,0,0,7,5,0,0,0,0,0,0,0,0,0,0,0,0,0,0,0,0,0,0,0,0,0,3,2,0,0,0,0,0,0,0,0,0,0,0,0,0,0,0,0,0,0,0,0,0,0,0,0,0,0,0,0,0,0,0,0,0,0,0,0,0,0,0,0,0,0,0,0,0,0,0,0,0,0,0,0,0,0,0,0,0,0,0,0,0,0,0,0,0,0,0,0,0,0,0,0,0,0,0,0,0,0,0,0,0,0,0,0,0,0,0,0,0,0,0,0,0,0,0,0,0,0,0,0,0,0,0,0,0,0,0,0,0,0,0,0,0,0,0,0,0,0,0,0,0,0,0,0,0,0,0,0,0,0,0,0,0,0,0,0,0,0,0,0,0,0,0,0,0,0,0,0,0,0,0,0,0,0,0,0,0,0,0,0,0,0,0,0,0,0,0,0,0,0,0,0,0,0,0,0,0,0,0,0,0,0,0,0,0,0,0,0,0,0,0,0,0,0,0,0,0,0,0,0,0,0,0,0,0,0,0,0,0,0,0,0,0,0,0,0,0,0,0,0,0,0,0,0,0,0,0,0,0,0,0,0,0,0,0,0,0,0,0,0,0,0,0,0,0,0,0,0,0,0,0,0,0,0,0,0,0,0,0,0,0,0,0,0,0,0,0,0,0,0,0,0,0,0,0,0,0,0,0,0,0,0,0,0,0,0,0,0,0,0,0,0,0,0,0,0,0,0,0,0,0,0,0,0,0,0,0,0,0,0,0,0,0,0,0,0,0,0,0,0,0,0,0,0,0,0,0,0,0,0,0,0,0
0.136394
28,38,38,21,0,0,0,21,38,41,26,22,20,10,15,28,34,35,52,64,101,172,221,235,217,162,108,77,54,42,39,37,35,35,19,16,26,39,53,50,46,44,51,66,103,143,154,136,108,103,105,102,85,62,51,36,28,38,33,26,21,23,32,36,61,94,125,159,190,197,175,121,90,81,76,74,65,44,29,15,16,24,32,44,42,25,23,24,28,51,91,129,139,122,87,76,80,82,80,73,59,52,43,32,30,36,45,46,39,25,45,74,95,126,157,161,136,81,55,49,37,29,25,24,20,12,10,20,15,9,8,7,15,14,16,32,61,99,108,88,33,0,15,18,18,12,5,11,17,22,19,22,15,3,3,5,16,44,57,81,101,103,79,31,0,0,0,0,0,0,0,0,0,0,0,0,0,0,10,18,30,42,62,86,88,65,21,3,0,0,0,0,0,0,0,0,0,0,0,0,0,18,37,57,76,86,108,109,82,13,4,0,0,0,0,0,0,0,0,0,0,0,0,0,0,12,28,35,33,54,58,36,0,0,0,0,0,0,0,0,0,0,0,0,0,0,0,0,9,30,38,49,60,67,48,8,0,0,0,0,0,0,0,0,0,0,0,0,0,4,1,0,1,5,21,47,52,31,0,0,0,0,0,0,0,0,0,0,0,0,0,0,0,15,29,35,36,32,39,40,15,0,0,0,0,0,0,0,0,0,0,0,0,0,0,0,0,0,0,0,26,53,55,31,0,0,0,0,0,0,0,0,0,0,0,0,0,0,0,0,0,0,16,28,38,32,5,0,0,0,0,0,0,0,0,0,0,0,0,0,0,0,0,0,0,0,7,34,35,11,0,0,0,0,0,0,0,0,0,0,0,0,0,0,0,0,0,0,0,16,39,39,15,0,0,0,0,0,0,0,0,0,0,0,0,0,0,0,0,14,12,0,0,10,15,5,0,0,0,0,0,2,0,0,0,0,0,0,0,0,0,0,6,9,20,37,53,48,17,0,0,0,0,0,0,0,0,0,0,0,0,0,0,0,0,7,17,10,2,20,17,0,0,0,0,0,0,0,0,0,0,0,0,0,0,0,0,0,0,0,0,0,10,11,0,0,0,0,0,0,0,0,0,0,0,0,0,0,0,0,0,0,0,0,0,20,23,4,0,0,0,0,0,0,0,0,0,0,0,0,0,0,0,0,0,0,0,0,14,7,0,0,0,0,0,0,0,0,0,0,0,0,0,0,0,0,0,0,0,0,15,17,14,0,0,0,0,0,0,0,0,0,0,0,0,0,0,0,0,0,0,0,0,0,9,0,0,0,0,0,0,0,0,0,0,0,0,0,0,0,0,0,0,0,0,0,1,22,15,0,0,0,0,0,0,0,0,0,0,0,0,0,0,0,0,0,0,0,0,22,39,35,14,0,0,0,0,0,0,0,0,0,0,0,0,0,0,0,0,0,0,0,0,10,1,0,0,0,0,0,0,0,0,0,0,0,0,0,0,0,0,0,0,0,0,5,15,7,0,0,0,0,0,0,0,0,0,0,0,0,0,0,0,0,0,0,0,0,0,11,5,0,0,0,0,0,0,0,0,0,0,0,0,0,0,0,0,0,0,0,0,0,0,0,0,0,0,0,0,0,0,0,0,0,0,0,0,0,0,0,0,0,0,0,0,5,1,0,0,0,0,0,0,0,0,0,0,0,0,0,0,0,0,0,0,0,0,0,9,2,0,0,0,0,0,0,0,0,0,0,0,0,0,0,0,0,0,0,0,0,0,0,0,0,0,0,0,0,0,0,0,0,0,0,0,0,0,0,0,0,0,0,0,0,0,0,0,0,0,0,0,0,0,0,0,0,0,0,0,0,0,0,0,0,0,0,0,0,0,0,0,0,0,0,0,0,0,0,0,0,0,0,0,0,0,0,0,0,0,0,0,0,0,0,0,0,0,0,0,0,0,0,0,0,0,0,0,0,0,0,0,0,0,0,0,0,0,0,0,0,0,0,0,0,0,0,0,0,0,0,0,0,0,0,0,0,0,0,0,0,0,0,0,0,0,0,0,0,0,0,0,0,0,0,0,0,0,0,0,0,0,0,0,0,0,0,0,0,0,0,0,0,0,0,0,0,0,0,0,0,0,0,0,0,0,0,0,0,0,0,0,0,0,0,0,0,0,0,0,0,0,0,0,0,0,0,0,0,0,0,0,0,0,0,0,0,0,0,0,0,0,0,0,0,0,0,0,0,0,0,0,0,0,0,0,0,0,0,0,0,0,0,0,0,0,0,0,0,0,0,0,0,0,0,0,0,0,0,0,0,0,0,0,0
0.153806
30,40,40,22,1,0,0,23,35,37,20,16,17,7,9,23,30,33,49,59,95,175,225,239,221,164,102,72,54,41,38,36,34,32,19,18,20,39,49,45,47,48,51,65,108,148,158,138,101,98,100,99,83,59,51,39,29,37,30,30,28,26,31,37,58,89,118,159,193,200,177,118,87,79,76,72,61,42,24,17,18,24,35,45,39,20,19,19,23,46,94,133,142,122,82,71,76,80,77,68,53,47,38,28,29,38,44,40,33,26,44,68,89,127,161,166,140,79,51,45,34,29,20,21,17,14,13,20,16,14,14,8,13,11,14,30,68,104,111,87,32,3,16,19,22,14,8,15,18,18,17,23,22,10,3,4,15,43,53,83,106,105,76,28,0,0,0,0,0,0,0,0,0,0,0,0,0,0,7,16,25,38,67,92,92,65,19,0,0,0,0,0,0,0,0,0,0,0,0,0,0,13,32,51,71,91,114,112,81,17,4,0,0,0,0,0,0,0,0,0,0,0,0,0,0,9,26,31,47,68,67,39,0,0,0,0,0,0,0,0,0,0,0,0,0,0,0,0,5,26,38,50,58,65,47,6,0,0,0,0,0,0,0,0,0,0,0,0,0,0,0,0,0,1,23,49,52,28,0,0,0,0,0,0,0,0,0,0,0,0,0,0,0,9,23,30,33,39,47,41,12,0,0,0,0,0,0,0,0,0,0,0,0,0,0,0,0,0,0,6,39,57,53,27,0,0,0,0,0,0,0,0,0,0,0,0,0,0,0,0,0,0,22,42,49,38,11,0,0,0,0,0,0,0,0,0,0,0,0,0,0,0,0,0,0,0,12,36,34,8,0,0,0,0,0,0,2,0,0,0,0,0,0,0,0,0,0,0,1,27,43,40,18,0,0,0,0,0,0,0,0,0,0,0,0,0,0,1,0,12,16,0,0,13,20,9,0,0,0,0,0,0,0,0,0,0,0,0,0,0,0,1,5,11,31,52,59,43,18,0,0,0,0,0,0,0,0,0,0,0,0,0,1,0,0,2,17,21,26,32,22,4,0,0,0,0,0,0,0,0,0,0,0,0,0,0,0,0,0,0,0,0,4,5,0,0,0,0,0,0,0,0,0,0,0,0,0,0,0,0,0,0,0,0,1,21,20,0,0,0,0,0,0,0,0,0,0,0,0,0,0,0,0,0,0,0,0,11,21,9,0,0,0,0,0,0,0,0,0,0,0,0,0,0,0,0,0,0,0,7,21,18,9,0,0,0,0,0,0,0,0,0,0,0,0,0,0,0,0,0,0,0,3,16,15,0,0,0,0,0,0,0,0,0,0,0,0,0,0,0,0,0,0,0,0,0,15,24,14,0,0,0,0,0,0,0,0,0,0,0,0,0,0,0,0,0,0,0,10,30,39,31,8,0,0,0,0,0,0,0,0,0,0,0,0,0,0,0,0,0,0,0,7,14,0,0,0,0,0,0,0,0,0,0,0,0,0,0,0,0,0,0,0,0,0,12,15,4,0,0,0,0,0,0,0,0,0,0,0,0,0,0,0,0,0,0,0,3,10,12,4,0,0,0,0,0,0,0,0,0,0,0,0,0,0,0,0,0,0,0,0,0,0,0,0,0,0,0,0,0,0,0,0,0,0,0,0,0,0,0,0,0,0,0,0,0,0,0,0,0,0,0,0,0,0,0,0,0,0,0,0,0,0,0,0,0,0,0,7,0,0,0,0,0,0,0,0,0,0,0,0,0,0,0,0,0,0,0,0,0,0,0,0,0,0,0,0,0,0,0,0,0,0,0,0,0,0,0,0,0,0,0,0,0,0,0,0,0,0,0,0,0,0,0,0,0,0,0,0,0,0,0,0,0,0,0,0,0,0,0,0,0,0,0,0,0,0,0,0,0,0,0,0,0,0,0,0,0,0,0,0,0,0,0,0,0,0,0,0,0,0,0,0,0,0,0,0,0,0,0,0,0,0,0,0,0,0,0,0,0,0,0,0,0,0,0,0,0,0,0,0,0,0,0,0,0,0,0,0,0,0,0,0,0,0,0,0,0,0,0,0,0,0,0,0,0,0,0,0,0,0,0,0,0,0,0,0,0,0,0,0,0,0,0,0,0,0,0,0,0,0,0,0,0,0,0,0,0,0,0,0,0,0,0,0,0,0,0,0,0,0,0,0,0,0,0,0,0,0,0,0,0,0,0,0,0,0,0,0,0,0,0,0,0,0,0,0,0,0,0,0,0,0,0,0,0,0,0,0,0,0,0,0,0,0,0,0,0,0,0,0,0,0,0,0,0,0,0,0,0,0,0,0,0
0.165414
34,45,46,29,4,0,8,27,35,37,22,13,13,10,7,19,29,32,46,56,89,177,228,241,223,165,96,68,51,38,36,35,32,29,15,20,25,43,49,44,47,48,47,59,110,151,161,140,100,92,94,95,81,56,48,38,30,34,29,30,25,23,29,34,53,85,114,160,196,203,179,118,85,75,73,71,61,40,23,18,20,24,33,45,40,19,16,18,20,41,95,135,143,121,76,65,71,76,72,63,50,46,41,35,37,42,44,39,33,32,44,64,87,132,166,170,143,77,49,45,36,31,22,23,20,16,11,17,14,20,16,5,13,12,12,27,74,109,113,86,28,6,12,18,24,19,14,17,18,13,19,29,26,9,0,4,17,39,48,86,110,108,76,24,1,0,0,0,0,0,0,0,0,0,0,0,0,0,1,13,21,36,72,95,94,63,17,0,0,0,0,0,0,0,0,0,0,0,0,0,0,9,27,46,68,95,118,114,80,17,5,0,0,0,0,0,0,5,6,0,0,0,0,0,0,5,24,34,58,78,72,37,0,0,0,0,0,0,0,0,0,0,0,0,0,0,0,0,1,23,37,49,55,60,42,2,0,0,0,0,0,0,0,0,0,0,0,0,0,0,0,0,0,0,25,48,47,24,1,0,0,0,0,0,0,0,0,0,0,0,0,0,0,4,18,23,30,45,54,43,8,0,0,0,0,0,0,0,0,0,0,0,0,0,0,0,0,0,0,11,42,57,49,23,0,0,0,0,0,0,0,0,0,0,0,0,0,0,0,0,0,0,22,48,55,39,14,0,0,0,0,0,0,0,0,0,0,0,0,0,0,0,0,0,7,3,20,37,29,6,0,0,0,0,0,0,5,1,0,0,0,0,0,0,0,0,0,0,1,30,41,36,17,0,0,0,0,0,0,0,0,0,0,0,0,0,0,0,0,15,21,13,7,11,20,9,0,0,0,0,0,0,2,0,0,0,0,0,0,0,0,3,7,18,43,62,64,45,18,0,0,0,0,0,0,0,0,0,0,0,0,0,0,0,0,0,12,23,36,37,18,2,0,0,0,0,0,0,0,0,0,0,0,0,0,0,0,0,0,0,0,0,0,0,0,0,0,0,0,0,0,0,0,0,0,0,0,0,0,0,0,0,0,0,0,17,15,0,0,0,0,0,0,0,0,0,0,0,0,0,0,0,0,0,0,0,0,16,19,6,0,0,0,0,0,0,0,0,0,0,0,0,0,0,0,0,0,0,0,14,29,22,6,0,0,0,0,0,0,0,0,0,0,0,0,0,0,0,0,0,0,0,15,26,17,0,0,0,0,0,0,0,0,0,0,0,0,0,0,0,0,0,0,0,0,7,23,22,8,0,0,0,0,0,0,0,0,0,0,0,0,0,0,0,0,0,0,0,18,33,34,28,4,0,0,0,0,0,0,0,0,0,0,0,0,0,0,0,0,0,0,0,13,13,0,0,0,0,0,0,0,0,0,0,0,0,0,0,0,0,0,0,0,0,7,14,10,1,0,0,0,0,0,0,0,0,0,0,0,0,0,0,0,0,0,0,0,14,16,9,0,0,0,0,0,0,0,0,0,0,0,0,0,0,0,0,0,0,0,0,0,0,0,0,0,0,0,0,0,0,0,0,0,0,0,0,0,0,0,0,0,0,0,0,0,0,0,0,0,0,0,0,0,0,0,0,0,0,0,0,0,0,0,0,0,0,0,0,4,0,0,0,0,0,0,0,0,0,0,0,0,0,0,0,0,0,0,0,0,0,0,0,0,0,0,0,0,0,0,0,0,0,0,0,0,0,0,0,0,0,0,0,0,0,0,0,0,0,0,0,0,0,0,0,0,0,0,0,0,0,0,0,0,0,0,0,0,0,0,0,0,0,0,0,0,0,0,0,0,0,0,0,0,0,0,0,0,0,0,0,0,0,0,0,0,0,0,0,0,0,0,0,0,0,0,0,0,0,0,0,0,0,0,0,0,0,0,0,0,0,0,0,0,0,0,0,0,0,0,0,0,0,0,0,0,0,0,0,0,0,0,0,0,0,0,0,0,0,0,0,0,0,0,0,0,0,0,0,0,0,0,0,0,0,0,0,0,0,0,0,0,0,0,0,0,0,0,0,0,0,0,0,0,0,0,0,0,0,0,0,0,0,0,0,0,0,0,0,0,0,0,0,0,0,0,0,0,0,0,0,0,0,0,0,0,0,0,0,0,0,0,0,0,0,0,0,0,0,0,0,0,0,0,0,0,0,0,0,0,0,0,0,0,0,0,0,0,0,0,0,0,0,0,0,0,0,0,0,0,0,0,0,0,0
0.182826
34,48,45,29,3,0,4,26,37,39,24,23,22,17,13,16,27,30,41,51,83,178,230,243,225,166,91,63,48,34,34,31,30,32,23,23,26,44,54,50,47,46,44,56,109,153,163,142,98,88,89,90,76,57,52,40,28,30,29,30,26,25,29,30,50,80,108,159,197,205,182,121,85,74,73,71,61,41,23,16,20,25,33,45,41,22,10,15,23,38,95,136,144,121,71,58,65,71,68,60,51,46,38,35,35,43,43,36,32,38,45,61,81,133,169,173,145,75,46,41,36,29,20,21,20,18,17,16,17,27,21,3,13,12,15,24,75,112,116,88,25,7,9,15,20,14,10,13,13,12,24,30,20,8,0,0,15,34,43,88,114,111,79,20,11,2,0,1,2,0,0,0,0,0,0,0,0,0,0,8,19,32,71,95,92,60,12,0,0,0,0,0,0,0,0,0,0,0,0,0,0,6,21,41,62,95,120,116,79,13,4,0,0,0,0,0,0,6,8,2,0,0,0,0,0,0,18,29,60,82,75,39,1,0,0,0,0,0,0,0,0,0,0,0,0,0,0,0,0,17,33,49,55,57,38,0,0,0,0,0,0,4,0,0,0,0,0,0,0,0,0,0,0,0,22,47,45,23,6,1,0,0,0,0,0,0,0,0,0,0,0,0,0,0,14,20,29,47,57,46,8,0,0,0,0,0,0,0,0,0,0,0,0,0,0,0,0,0,0,11,44,60,52,22,0,0,0,0,0,0,0,0,0,0,0,0,0,0,0,0,0,0,20,49,58,41,13,0,0,0,0,0,0,0,0,0,0,0,0,0,0,0,0,0,1,9,31,43,31,2,0,0,0,0,0,0,0,0,0,0,0,0,0,0,0,0,0,0,0,31,43,37,15,0,0,0,0,0,0,0,0,0,0,0,4,4,4,1,2,15,18,15,21,24,23,10,0,0,0,0,0,0,0,0,0,0,0,0,0,0,0,0,5,20,42,66,68,45,15,0,0,0,0,0,0,0,0,0,0,0,0,8,6,0,0,0,9,24,40,40,17,0,0,0,0,0,0,0,0,0,0,0,0,0,0,0,0,0,0,0,0,0,0,0,0,0,0,0,0,0,0,0,0,0,0,0,0,0,0,0,0,0,0,0,0,13,11,0,0,0,0,0,0,0,0,0,0,0,0,0,0,0,0,0,0,0,1,21,20,3,0,0,0,0,0,0,0,0,0,0,0,0,0,0,0,0,0,0,0,18,36,29,7,0,0,0,0,0,0,0,0,0,0,0,0,0,0,0,0,0,0,0,20,34,24,0,0,0,0,0,0,0,0,0,0,0,0,0,0,0,0,0,0,0,0,20,32,25,2,0,0,0,0,0,0,0,0,0,0,0,0,0,0,0,0,0,0,0,24,39,35,23,2,0,0,0,0,0,0,0,0,0,0,0,0,0,0,0,0,0,0,2,15,10,0,0,0,0,0,0,0,0,0,0,0,0,0,0,0,0,0,0,0,0,10,19,11,0,0,0,0,0,0,0,0,0,0,0,0,0,0,0,0,0,0,0,0,23,26,13,0,0,0,0,0,0,0,0,0,0,0,0,0,0,0,0,0,0,0,0,0,0,0,0,0,0,0,0,0,0,0,0,0,0,0,0,0,0,0,0,0,0,0,0,0,0,0,0,0,0,0,0,0,0,0,0,0,0,0,0,0,0,0,0,0,0,3,5,6,0,0,0,0,0,0,0,0,0,0,0,0,0,0,0,0,0,0,0,0,0,0,0,0,0,0,0,0,0,0,0,0,0,0,0,0,0,0,0,0,0,0,0,0,0,0,0,0,0,0,0,0,0,0,0,0,0,0,0,0,0,0,0,0,0,0,0,0,0,0,0,0,0,0,0,0,0,0,0,0,0,0,0,0,0,0,0,0,0,0,0,0,0,0,0,0,0,0,0,0,0,0,0,0,0,0,0,0,0,0,0,0,0,0,0,0,0,0,0,0,0,0,0,0,0,0,0,0,0,0,0,0,0,0,0,0,0,0,0,0,0,0,0,0,0,0,0,0,0,0,0,0,0,0,0,0,0,0,0,0,0,0,0,0,0,0,0,0,0,0,0,0,0,0,0,0,0,0,0,0,0,0,0,0,0,0,0,0,0,0,0,0,0,0,0,0,0,0,0,0,0,0,0,0,0,0,0,0,0,0,0,0,0,0,0,0,0,0,0,0,0,0,0,0,0,0,0,0,0,0,0,0,0,0,0,0,0,0,0,0,0,0,0,0,0,0,0,0,0,0,0,0,0,0,0,0,0,0,0,0,0,0,0,0,0
0.200238
28,48,50,35,9,0,0,21,30,34,21,21,23,13,11,20,29,31,41,51,80,179,231,245,226,166,85,60,47,29,35,34,30,27,19,21,23,42,51,50,45,43,42,56,110,155,165,144,97,83,84,86,76,60,48,39,26,26,25,26,28,27,30,36,50,77,103,158,199,207,183,119,82,69,69,64,58,43,28,20,19,22,31,44,43,31,19,17,28,42,98,138,145,122,71,55,61,67,65,57,49,46,37,35,33,43,40,34,27,37,40,55,77,134,171,175,146,72,44,39,34,25,14,16,17,17,20,21,20,23,19,13,20,19,15,23,78,114,118,90,22,9,6,12,18,9,7,10,9,10,24,29,20,9,0,0,18,36,43,88,116,113,78,22,13,5,0,3,9,3,0,2,2,0,0,0,0,0,0,9,20,28,67,93,89,56,7,0,0,0,0,0,0,0,0,0,0,0,0,0,0,4,17,37,58,97,122,117,81,15,4,0,0,0,0,0,0,3,7,4,0,0,0,0,0,0,13,27,64,85,77,39,0,0,0,0,0,0,0,0,0,0,0,0,0,0,0,0,0,16,35,51,57,55,33,0,0,0,0,0,0,0,0,0,0,0,0,0,0,0,0,0,0,6,28,48,43,18,0,0,0,0,0,0,0,0,0,0,0,0,0,0,0,0,8,14,23,44,55,44,5,0,0,0,0,0,0,0,0,0,0,0,0,0,0,0,0,0,0,4,47,64,54,25,0,0,0,0,0,0,0,0,0,0,0,0,0,0,0,0,0,0,18,50,59,40,12,0,0,0,0,0,0,0,0,0,0,0,0,0,0,0,0,0,2,10,34,46,32,0,0,0,0,0,0,0,1,0,0,0,0,0,0,0,0,0,0,0,0,31,41,34,16,0,0,0,0,0,0,1,4,3,0,0,4,7,6,0,0,12,15,11,27,30,22,9,0,0,0,0,0,0,0,0,0,0,0,0,0,0,0,0,1,16,45,72,73,47,11,0,0,0,0,0,0,0,0,0,0,0,0,4,3,0,0,0,4,22,41,40,14,0,0,0,0,0,0,0,0,0,0,0,0,0,0,0,0,0,0,0,0,5,11,1,0,0,0,0,0,0,0,0,0,0,0,0,0,0,0,0,0,0,0,0,6,14,8,0,0,0,0,0,0,0,0,0,0,0,0,0,0,0,0,0,0,0,0,21,20,0,0,0,0,0,0,0,0,0,0,0,0,0,0,0,0,0,0,0,0,23,40,31,6,0,0,0,0,0,0,0,0,0,0,0,0,0,0,0,0,0,0,0,22,39,29,2,0,0,0,0,0,0,0,0,0,0,0,0,0,0,0,0,0,0,0,26,38,26,0,0,0,0,0,0,0,0,0,0,0,0,0,0,0,0,0,0,0,1,33,46,37,17,0,0,0,0,0,0,0,0,0,0,0,0,0,0,0,0,0,0,0,8,18,9,0,0,0,0,0,0,0,0,0,0,0,0,0,0,0,0,0,0,0,0,16,24,12,0,0,0,0,0,0,0,0,0,0,0,0,0,0,0,0,0,0,0,0,25,29,14,0,0,0,0,0,0,0,0,0,0,0,0,0,0,0,0,0,0,0,0,0,0,0,0,0,0,0,0,0,0,0,0,0,0,0,0,0,0,0,0,0,0,0,3,5,0,0,0,0,0,0,0,0,0,0,0,0,0,0,0,0,0,0,0,0,0,11,12,6,0,0,0,0,0,0,0,0,0,0,0,0,0,0,0,0,0,0,0,0,0,2,0,0,0,0,0,0,0,0,0,0,0,0,0,0,0,0,0,0,0,0,0,0,0,0,0,0,0,0,0,0,0,0,0,0,0,0,0,0,0,0,0,0,0,0,0,0,0,0,0,0,0,0,0,0,0,0,0,0,0,0,0,0,0,0,0,0,0,0,0,0,0,0,0,0,0,0,0,0,0,0,0,0,0,0,0,0,0,0,0,0,0,0,0,0,0,0,0,0,0,0,0,0,0,0,0,0,0,0,0,0,0,0,0,0,0,0,0,0,0,0,0,0,0,0,0,0,0,0,0,0,0,0,0,0,0,0,0,0,0,0,0,0,0,0,0,0,0,0,0,0,0,0,0,0,0,0,0,0,0,0,0,0,0,0,0,0,0,0,0,0,0,0,0,0,0,0,0,0,0,0,0,0,0,0,0,0,0,0,0,0,0,0,0,0,0,0,0,0,0,0,0,0,0,0,0,0,0,0,0,0,0,0,0,0,0,0,0,0,0,0,0,0,0,0,0,0,0,0,0,0,0,0,0,0,0,0,0,0,0,0,0,0,0
0.21765
32,50,50,29,8,0,0,17,26,30,23,28,31,21,15,19,29,26,39,49,74,180,232,246,227,167,82,54,43,27,35,28,27,24,21,24,24,42,52,55,51,38,43,56,111,156,166,144,94,77,80,81,74,61,50,39,28,32,29,24,23,24,31,35,46,74,99,160,201,208,184,118,80,68,66,60,53,41,28,19,23,27,33,42,43,34,22,19,25,41,99,138,145,121,67,51,56,62,63,53,44,48,43,36,33,38,36,33,24,41,42,50,75,137,173,176,146,69,40,35,35,21,10,17,20,21,19,18,18,21,19,14,17,21,24,31,81,117,119,90,28,14,3,11,14,11,17,17,8,14,27,30,20,4,0,0,21,36,42,90,118,115,79,20,14,8,0,1,11,2,0,1,0,0,0,0,2,6,11,13,19,30,68,92,89,56,11,0,0,0,0,0,0,0,0,0,0,0,0,0,0,4,14,36,55,100,124,117,77,14,7,0,0,0,0,0,0,0,7,6,0,0,0,0,0,0,8,23,66,88,79,39,0,0,0,0,0,0,0,0,0,0,0,0,0,0,0,0,0,18,32,49,58,56,30,0,0,0,0,0,0,0,0,0,0,0,0,0,0,0,0,0,0,0,27,49,43,17,0,0,0,0,0,0,0,0,0,0,0,0,0,0,0,0,7,15,26,45,53,38,2,0,0,0,0,0,0,0,0,0,0,0,0,0,0,0,0,0,0,9,50,66,56,26,0,0,0,0,0,0,0,0,0,0,0,0,0,0,0,0,0,0,20,55,61,41,12,0,0,0,0,0,0,0,0,0,0,0,0,0,0,0,0,0,0,10,36,46,29,0,0,0,0,0,0,0,0,0,0,0,0,0,0,0,0,0,0,0,0,31,38,28,12,0,0,0,0,0,0,0,2,6,1,0,0,4,2,0,0,11,10,18,35,35,22,8,0,0,0,0,0,0,0,0,0,0,0,0,0,0,0,0,6,21,52,77,75,45,7,0,0,0,0,0,0,0,5,5,0,0,0,0,0,0,0,0,3,24,42,40,15,0,0,0,0,0,0,0,0,0,0,0,0,0,0,0,0,0,0,0,0,12,14,1,0,0,0,0,0,0,0,0,0,0,0,0,0,0,0,0,0,0,0,0,0,8,2,0,0,0,0,0,0,0,0,0,0,0,0,0,0,0,0,0,0,0,8,24,18,0,0,0,0,0,0,0,0,0,0,0,0,0,0,0,0,0,0,0,3,32,43,29,1,0,0,0,0,0,0,0,0,0,0,0,0,0,0,0,0,0,0,0,29,42,29,2,0,0,0,0,0,0,0,0,0,0,0,0,0,0,0,0,0,0,0,27,39,25,0,0,0,0,0,0,0,0,0,0,0,0,0,0,0,0,0,0,0,10,40,48,33,14,0,0,0,0,0,0,0,0,0,0,0,0,0,0,0,0,0,0,0,6,13,5,0,0,0,0,0,0,0,0,0,0,0,0,0,0,0,0,0,0,0,0,22,26,11,0,0,0,0,0,0,0,0,0,0,0,0,0,0,0,0,0,0,0,0,26,26,8,0,0,0,0,0,0,0,0,0,0,0,0,0,0,0,0,0,0,0,0,0,0,0,0,0,0,0,0,0,0,0,0,0,0,0,0,0,0,0,0,0,0,0,10,4,0,0,0,0,0,0,0,0,0,0,0,0,0,0,0,0,0,0,0,0,0,14,15,7,0,0,0,0,0,0,0,0,0,0,0,0,0,0,0,0,0,0,0,4,10,3,0,0,0,0,0,0,0,0,0,0,0,0,0,0,0,0,0,0,0,0,0,0,0,0,0,0,0,0,0,0,0,0,0,0,0,0,0,0,0,0,0,0,0,0,0,0,0,0,0,0,0,0,0,0,0,0,0,0,0,0,0,0,0,0,0,0,0,0,0,0,0,0,0,0,0,0,0,0,0,0,0,0,0,0,0,0,0,0,0,0,0,0,0,0,0,0,0,0,0,0,0,0,0,0,0,0,0,0,0,0,0,0,0,0,0,0,0,0,0,0,0,0,0,0,0,0,0,0,0,0,0,0,0,0,0,0,0,0,0,0,0,0,0,0,0,0,0,0,0,0,0,0,0,0,0,0,0,0,0,0,0,0,0,0,0,0,0,0,0,0,0,0,0,0,0,0,0,0,0,0,0,0,0,0,0,0,0,0,0,0,0,0,0,0,0,0,0,0,0,0,0,0,0,0,0,0,0,0,0,0,0,0,0,0,0,0,0,0,0,0,0,0,0,0,0,0,0,0,0,0,0,0,0,0,0,0,0,0,0,0,0,0,0
0.235062
47,55,50,29,8,0,0,12,26,28,18,24,27,15,12,17,25,32,42,49,70,181,233,246,227,166,77,48,40,34,38,29,23,22,24,23,22,40,48,55,55,43,41,54,113,158,167,145,92,76,77,76,70,59,51,40,33,39,38,32,27,21,28,35,47,68,97,163,203,210,184,117,76,65,64,58,48,39,31,16,18,27,33,39,40,32,20,16,23,39,97,137,143,118,62,52,55,59,59,55,52,53,45,35,31,38,38,38,30,38,45,50,74,140,175,177,146,66,42,36,36,19,11,18,18,20,19,18,15,16,13,14,20,23,24,31,86,119,120,87,30,16,2,12,13,7,16,20,20,27,29,29,14,11,8,8,19,32,44,95,121,116,78,19,16,13,8,16,21,8,0,4,0,0,0,0,1,6,16,21,23,29,67,92,88,53,10,0,0,0,0,0,0,0,0,0,0,0,0,0,0,0,12,34,58,106,126,117,73,18,10,0,0,0,0,0,0,0,8,4,0,0,0,0,0,0,7,29,72,90,79,37,0,0,0,0,0,0,1,0,0,0,0,0,0,0,0,0,0,18,26,52,63,57,31,0,0,0,0,0,0,0,0,0,0,0,0,0,0,0,0,0,0,11,38,54,44,13,0,0,0,0,0,0,0,0,0,0,0,0,0,0,0,0,5,15,25,42,49,34,0,0,0,0,0,0,0,0,0,0,0,0,0,0,0,0,0,0,0,6,49,63,51,22,0,0,0,0,0,0,0,0,0,0,0,0,0,0,0,0,0,0,32,61,63,38,6,0,0,0,0,0,0,0,0,0,0,0,0,0,0,0,0,0,0,9,34,41,25,0,0,0,0,0,0,0,0,0,0,0,0,0,0,0,0,0,0,0,5,30,35,23,7,0,0,0,0,0,0,0,0,5,0,0,0,7,8,2,0,6,9,21,38,34,20,8,0,0,0,0,0,0,0,0,0,0,0,0,0,0,0,0,1,22,59,79,73,40,3,0,0,0,0,0,0,0,4,5,0,0,0,0,0,0,0,0,10,29,42,36,12,0,0,0,0,0,0,0,0,0,0,0,0,0,0,0,0,0,0,0,0,11,12,0,0,0,0,0,0,0,0,0,0,0,0,0,0,0,0,0,0,0,0,0,0,1,0,0,0,0,0,0,0,0,0,0,0,0,0,0,0,0,0,0,0,0,11,20,11,0,0,0,0,0,0,0,0,0,0,0,0,0,0,0,0,0,0,0,14,39,43,22,0,0,0,0,0,0,0,0,0,0,0,0,0,0,0,0,0,0,0,0,32,40,24,0,0,0,0,0,0,0,0,0,0,0,0,0,0,0,0,0,0,0,0,29,35,20,0,0,0,0,0,0,0,0,0,0,0,0,0,0,0,0,0,0,0,19,42,44,29,7,0,0,0,0,0,0,0,0,0,0,0,0,0,0,0,0,0,0,0,6,9,0,0,0,0,0,0,0,0,0,0,0,0,0,0,0,0,0,0,0,0,4,22,20,5,0,0,0,0,0,0,0,0,0,0,0,0,0,0,0,0,0,0,0,3,23,20,2,0,0,0,0,0,0,0,0,0,0,0,0,0,0,0,0,0,0,0,0,0,0,0,0,0,0,0,0,0,0,0,0,0,0,0,0,0,0,0,0,0,0,0,11,0,0,0,0,0,0,0,0,0,0,0,0,0,0,0,0,0,0,0,0,0,0,7,8,1,0,0,0,0,0,0,0,0,0,0,0,0,0,0,0,0,0,0,0,17,18,5,0,0,0,0,0,0,0,0,0,0,0,0,0,0,0,0,0,0,0,0,0,0,0,0,0,0,0,0,0,0,0,0,0,0,0,0,0,0,0,0,0,0,0,0,0,0,0,0,0,0,0,0,0,0,0,0,0,0,0,0,0,0,0,0,0,0,0,0,0,0,0,0,0,0,0,0,0,0,0,0,0,0,0,0,0,0,0,0,0,0,0,0,0,0,0,0,0,0,0,0,0,0,0,0,0,0,0,0,0,0,0,0,0,0,0,0,0,0,0,0,0,0,0,0,0,0,0,0,0,0,0,0,0,0,0,0,0,0,0,0,0,0,0,0,0,0,0,0,0,0,0,0,0,0,0,0,0,0,0,0,0,0,0,0,0,0,0,0,0,0,0,0,0,0,0,0,0,0,0,0,0,0,0,0,0,0,0,0,0,0,0,0,0,0,0,0,0,0,0,0,0,0,0,0,0,0,0,0,0,0,0,0,0,0,0,0,0,0,0,0,0,0,0,0,0,0,0,0,0,0,0,0,0,0,0,0,0,0,0,0,0,0,0
0.252474
48,59,53,29,3,0,0,14,25,26,16,22,25,15,18,25,28,30,39,44,65,181,234,247,227,165,75,49,39,33,36,26,22,24,26,19,19,38,49,57,53,39,39,53,114,159,169,146,89,77,76,73,66,59,51,38,30,32,32,30,23,17,27,36,46,64,94,163,204,211,185,116,77,65,59,52,47,38,33,14,17,25,29,38,39,30,19,18,25,41,97,137,142,116,63,56,53,55,54,56,53,50,41,29,28,36,36,38,30,35,48,54,69,143,177,178,146,61,37,34,35,26,19,20,18,21,18,13,15,17,14,12,18,18,22,32,90,122,121,86,29,24,18,20,14,6,15,19,24,35,36,27,15,14,11,16,22,32,42,98,124,118,77,23,18,11,5,14,22,17,10,10,0,0,0,0,0,1,11,16,18,29,67,90,84,48,5,0,0,0,0,0,0,0,0,0,0,0,0,0,0,0,9,33,59,109,129,118,71,16,5,0,0,0,0,0,0,0,8,2,0,0,0,0,0,0,12,33,73,90,77,32,3,0,0,0,0,0,0,0,0,0,0,0,0,0,0,0,1,17,30,59,68,57,27,0,0,0,0,0,0,0,0,0,0,0,0,0,0,0,0,0,0,11,45,59,45,12,0,0,0,0,0,0,0,0,0,0,0,0,0,0,0,0,0,10,21,38,44,30,0,0,0,0,0,0,0,0,0,0,0,0,0,0,0,0,0,0,0,16,51,61,46,18,0,0,0,0,0,0,0,0,0,0,0,0,0,0,0,0,0,1,40,66,65,37,6,0,0,0,0,0,0,0,0,0,0,0,0,0,0,0,0,0,0,3,30,37,21,0,0,0,0,0,0,0,0,0,0,0,0,0,0,0,0,0,0,0,5,27,30,17,4,0,0,0,0,0,0,0,0,5,0,0,4,11,11,4,0,0,5,22,40,33,16,7,0,0,0,0,0,0,0,0,0,0,0,0,0,0,0,0,0,26,63,81,72,38,0,0,0,0,0,0,0,0,0,3,2,0,0,0,0,0,0,0,6,27,41,35,15,0,0,0,0,0,0,0,0,0,0,0,0,0,0,0,0,0,0,0,7,19,15,0,0,0,0,0,0,0,0,0,0,0,0,0,0,0,0,0,0,0,0,0,0,0,0,0,0,0,0,0,0,0,0,0,0,0,0,0,0,0,0,0,0,0,12,20,9,0,0,0,0,0,0,0,0,0,0,0,0,0,0,0,0,0,0,0,15,42,45,21,0,0,0,0,0,0,0,0,0,0,0,0,0,0,0,0,0,0,0,2,34,39,21,0,0,0,0,0,0,0,0,0,0,0,0,0,0,0,0,0,0,0,8,35,36,17,0,0,0,0,0,0,0,0,0,0,0,0,0,0,0,0,0,0,0,22,45,46,29,8,0,0,0,0,0,0,0,0,0,0,0,0,0,0,0,0,0,0,0,4,4,0,0,0,0,0,0,0,0,0,0,0,0,0,0,0,0,0,0,0,0,10,25,21,1,0,0,0,0,0,0,0,0,0,0,0,0,0,0,0,0,0,0,0,0,21,17,0,0,0,0,0,0,0,0,0,0,0,0,0,0,0,0,0,0,0,0,0,0,0,0,0,0,0,0,0,0,0,0,0,0,0,0,0,0,0,0,0,0,0,2,11,0,0,0,0,0,0,0,0,0,0,0,0,0,0,0,0,0,0,0,0,0,0,10,9,0,0,0,0,0,0,0,0,0,0,0,0,0,0,0,0,0,0,0,5,22,21,10,0,0,0,0,0,0,0,0,0,0,0,0,0,0,0,0,0,0,0,0,0,0,0,0,0,0,0,0,0,0,0,0,0,0,0,0,0,0,0,0,0,0,0,0,0,0,0,0,0,0,0,0,0,0,0,0,0,0,0,0,0,0,0,0,0,0,0,0,0,0,0,0,0,0,0,0,0,0,0,0,0,0,0,0,0,0,0,0,0,0,0,0,0,0,0,0,0,0,0,0,0,0,0,0,0,0,0,0,0,0,0,0,0,0,0,0,0,0,0,0,0,0,0,0,0,0,0,0,0,0,0,0,0,0,0,0,0,0,0,0,0,0,0,0,0,0,0,0,0,0,0,0,0,0,0,0,0,0,0,0,0,0,0,0,0,0,0,0,0,0,0,0,0,0,0,0,0,0,0,0,0,0,0,0,0,0,0,0,0,0,0,0,0,0,0,0,0,0,0,0,0,0,0,0,0,0,0,0,0,0,0,0,0,0,0,0,0,0,0,0,0,0,0,0,0,0,0,0,0,0,0,0,0,0,0,0,0,0,0,0,0,0,0
0.266984
52,60,53,30,5,0,0,15,25,25,17,23,20,10,16,26,31,28,36,42,60,181,234,247,228,166,71,43,37,30,33,25,19,24,24,14,17,35,49,56,51,34,36,51,113,159,169,147,88,74,76,69,62,56,52,40,32,30,27,26,18,16,24,31,46,64,92,163,205,212,187,120,80,69,60,51,48,39,32,18,20,22,29,32,38,27,18,19,27,43,97,137,142,116,62,56,58,58,53,51,54,51,37,24,27,35,36,38,27,32,46,55,66,143,178,180,147,58,37,31,32,21,16,16,12,21,21,12,9,16,17,15,19,20,20,27,92,124,123,88,32,27,18,16,15,10,15,18,20,36,35,23,13,10,16,26,28,34,45,99,125,119,79,20,20,13,5,11,16,12,6,5,0,0,0,0,0,0,5,10,17,30,66,89,83,48,5,0,0,0,0,0,0,0,0,0,0,0,0,0,0,3,13,28,57,109,130,120,74,12,3,0,0,0,0,0,0,5,15,6,0,0,0,0,0,0,6,30,72,90,78,36,3,0,0,0,0,5,4,0,0,0,0,0,0,0,0,0,0,12,28,62,72,59,21,0,0,0,0,0,0,0,0,0,0,0,0,0,0,0,0,0,0,15,50,62,47,13,0,0,0,0,0,0,0,0,0,0,0,0,0,0,0,0,0,8,19,40,47,34,2,0,0,0,0,0,0,0,0,0,0,0,0,0,0,0,0,0,0,11,51,62,46,14,0,0,0,0,0,0,0,0,0,0,0,0,0,0,0,0,0,0,35,65,67,38,5,0,0,0,0,0,0,0,0,0,0,0,0,0,0,0,0,0,0,6,33,39,23,0,0,0,0,0,0,0,0,0,0,0,0,0,0,0,0,0,0,0,5,28,30,16,5,0,0,0,0,0,0,0,0,4,0,0,10,13,7,0,0,0,3,24,43,38,21,8,0,0,0,0,2,0,0,0,0,0,0,0,0,0,0,0,0,23,59,80,73,40,0,0,0,0,0,0,0,0,0,2,6,6,0,0,0,0,0,0,0,24,43,39,18,0,0,0,0,0,0,0,0,0,0,0,0,0,0,0,0,0,0,0,10,25,21,9,0,0,0,0,0,0,0,0,0,0,0,0,0,0,0,0,0,0,0,0,0,0,0,0,0,0,0,0,0,0,0,0,0,0,0,0,0,0,0,0,0,0,8,20,10,0,0,0,0,0,0,0,0,0,0,0,0,0,0,0,0,0,0,0,10,41,49,29,1,0,0,0,0,0,0,0,0,0,0,0,0,0,0,0,0,0,0,0,34,41,23,0,0,0,0,0,0,0,0,0,0,0,0,0,0,0,0,0,0,0,14,37,40,22,0,0,0,0,0,0,0,0,0,0,0,0,0,0,0,0,0,0,0,20,48,51,34,11,0,0,0,0,0,0,0,0,0,0,0,0,0,0,0,0,0,0,0,0,0,0,0,0,0,0,0,0,0,0,0,0,0,0,0,0,0,0,0,0,0,6,27,26,6,0,0,0,0,0,0,0,0,0,0,0,0,0,0,0,0,0,0,0,0,22,20,1,0,0,0,0,0,0,0,0,0,0,0,0,0,0,0,0,0,0,0,0,0,0,0,0,0,0,0,0,0,0,0,0,0,0,0,0,0,0,0,0,0,0,1,13,3,0,0,0,0,0,0,0,0,0,0,0,0,0,0,0,0,0,0,0,0,6,19,13,0,0,0,0,0,0,0,0,0,0,0,0,0,0,0,0,0,0,0,4,23,26,15,0,0,0,0,0,0,0,0,0,0,0,0,0,0,0,0,0,0,0,0,0,0,0,0,0,0,0,0,0,0,0,0,0,0,0,0,0,0,0,0,0,0,0,0,0,0,0,0,0,0,0,0,0,0,0,0,0,0,0,0,0,0,0,0,0,0,0,0,0,0,0,0,0,0,0,0,0,0,0,0,0,0,0,0,0,0,0,0,0,0,0,0,0,0,0,0,0,0,0,0,0,0,0,0,0,0,0,0,0,0,0,0,0,0,0,0,0,0,0,0,0,0,0,0,0,0,0,0,0,0,0,0,0,0,0,0,0,0,0,0,0,0,0,0,0,0,0,0,0,0,0,0,0,0,0,0,0,0,0,0,0,0,0,0,0,0,0,0,0,0,0,0,0,0,0,0,0,0,0,0,0,0,0,0,0,0,0,0,0,0,0,0,0,0,0,0,0,0,0,0,0,0,0,0,0,0,0,0,0,0,0,0,0,0,0,0,0,0,0,0,0,0,0,0,0,0,0,0,0,0,0,0,0,0,0,0,0,0,0,0,0,0,0
0.281494
47,56,50,28,4,0,0,17,26,28,22,26,22,8,12,23,34,33,36,38,57,181,234,247,228,166,65,40,34,30,34,20,19,21,21,12,19,38,48,53,51,34,33,46,112,159,169,147,86,71,73,64,59,55,53,41,27,28,30,31,24,20,20,31,52,67,89,161,205,213,188,119,79,71,61,49,46,39,31,18,23,29,36,37,39,27,17,21,30,43,98,138,144,118,61,56,60,59,54,49,52,48,36,29,26,33,38,40,27,26,43,52,59,143,179,181,149,63,36,28,32,21,15,14,10,20,21,14,12,16,15,10,15,18,18,25,93,125,125,91,34,24,13,16,16,12,14,17,23,37,33,18,7,7,19,26,24,29,39,97,124,119,80,19,17,9,0,7,11,6,1,0,0,0,0,0,0,0,7,12,16,28,66,90,85,49,9,5,0,0,0,0,0,0,0,3,2,0,0,0,0,11,14,26,51,108,131,122,78,7,1,0,0,0,9,5,5,9,11,9,0,0,0,0,0,0,1,26,70,89,78,34,0,0,0,0,0,9,9,0,0,0,0,0,0,0,0,0,0,10,24,63,76,62,23,1,0,0,0,0,0,0,0,0,0,0,0,0,0,0,0,0,0,12,49,63,48,8,0,0,0,0,0,0,0,0,0,0,0,0,0,0,0,0,0,7,16,43,52,36,2,0,0,0,0,0,0,0,0,0,0,0,0,0,0,0,0,0,0,12,52,63,46,8,0,0,0,0,0,0,0,0,0,0,0,0,0,0,0,0,0,0,31,63,67,43,9,0,0,0,0,0,3,0,0,0,0,0,0,0,0,0,0,0,0,6,36,43,24,0,0,0,0,0,0,0,0,0,0,0,0,0,0,0,0,0,0,0,5,32,35,19,5,0,0,0,0,0,2,7,3,5,0,0,12,11,0,0,0,0,4,20,42,41,20,4,0,0,0,0,7,0,0,0,0,0,0,0,0,0,0,0,0,20,56,79,75,41,0,0,0,0,0,0,0,0,0,0,1,1,0,0,0,0,0,0,0,21,42,39,13,0,0,0,0,0,0,0,0,0,0,0,0,0,0,0,0,0,0,0,9,28,25,7,0,0,0,0,0,0,0,0,0,0,0,0,0,0,0,0,0,0,0,0,0,0,0,0,0,0,0,0,0,0,0,0,0,0,0,0,0,0,0,0,0,0,7,22,15,0,0,0,0,0,0,0,0,0,0,0,0,0,0,0,0,0,0,0,8,41,53,37,6,0,0,0,0,0,0,0,0,0,0,0,0,0,0,0,0,0,0,0,35,44,28,0,0,0,0,0,0,0,0,0,0,0,0,0,0,0,0,0,0,0,10,32,39,25,0,0,0,0,0,0,0,0,0,0,0,0,0,0,0,0,0,0,0,16,49,56,40,12,0,0,0,0,0,0,0,0,0,0,0,0,0,0,0,0,0,0,0,0,0,0,0,0,0,0,0,0,0,0,0,0,0,0,0,0,0,0,0,0,0,5,30,32,13,0,0,0,0,0,0,0,0,0,0,0,0,0,0,0,0,0,0,0,0,22,25,7,0,0,0,0,0,0,0,0,0,0,0,0,0,0,0,0,0,0,0,0,0,0,0,0,0,0,0,0,0,0,0,0,0,0,0,0,0,0,0,0,0,0,0,15,12,0,0,0,0,0,0,0,0,0,0,0,0,0,0,0,0,0,0,0,0,2,20,20,5,0,0,0,0,0,0,0,0,0,0,0,0,0,0,0,0,0,0,1,20,26,17,0,0,0,0,0,0,0,0,0,0,0,0,0,0,0,0,0,0,0,0,0,0,0,0,0,0,0,0,0,0,0,0,0,0,0,0,0,0,0,0,0,0,0,0,0,0,0,0,0,0,0,0,0,0,0,0,0,0,0,0,0,0,0,0,0,0,0,0,0,0,0,0,0,0,0,0,0,0,0,0,0,0,0,0,0,0,0,0,0,0,0,0,0,0,0,0,0,0,0,0,0,0,0,0,0,0,0,0,0,0,0,0,0,0,0,0,0,0,0,0,0,0,0,0,0,0,0,0,0,0,0,0,0,0,0,0,0,0,0,0,0,0,0,0,0,0,0,0,0,0,0,0,0,0,0,0,0,0,0,0,0,0,0,0,0,0,0,0,0,0,0,0,0,0,0,0,0,0,0,0,0,0,0,0,0,0,0,0,0,0,0,0,0,0,0,0,0,0,0,0,0,0,0,0,0,0,0,0,0,0,0,0,0,0,0,0,0,0,0,0,0,0,0,0,0,0,0,0,0,0,0,0,0,0,0,0,0,0,0,0,0,0,0
0.298906
45,53,48,28,4,0,3,16,23,26,21,24,23,13,15,28,36,32,33,39,55,181,234,248,229,167,59,36,37,30,31,24,25,24,19,21,25,33,43,51,53,38,33,44,111,159,169,147,85,67,69,60,58,54,52,41,28,28,31,33,23,22,22,34,56,67,83,161,205,213,189,120,76,71,59,43,40,33,25,19,25,29,34,32,36,26,18,18,25,41,98,140,146,121,61,51,56,57,53,46,47,46,38,32,22,31,36,35,22,24,40,52,60,142,179,182,150,65,33,26,28,19,11,9,9,19,20,17,18,18,13,7,13,17,15,23,91,125,125,92,29,18,12,24,27,15,12,15,19,34,26,16,0,7,20,24,26,29,34,93,122,118,79,18,13,4,0,8,11,2,0,0,0,0,0,0,0,2,6,10,16,27,65,90,85,50,10,7,0,0,0,0,0,0,0,1,0,0,0,0,0,9,15,22,45,106,130,123,80,4,0,0,0,0,6,5,5,6,8,8,0,0,0,0,0,0,0,23,69,89,79,36,0,0,0,0,5,8,5,0,0,0,0,0,0,0,0,0,0,8,21,64,79,68,26,6,0,0,0,0,0,0,0,0,0,0,0,0,0,0,0,0,0,14,48,63,48,8,0,0,0,0,0,0,0,0,0,0,0,0,0,0,0,0,0,1,15,46,57,43,11,0,0,0,0,0,0,0,0,0,0,0,0,0,0,0,0,0,0,8,53,66,51,14,0,0,0,0,0,0,0,0,0,0,0,0,0,0,0,0,0,0,28,61,67,43,10,0,0,0,0,0,0,0,0,0,0,0,0,0,0,0,0,0,0,1,37,46,29,0,0,0,0,0,0,0,0,0,0,0,0,0,0,0,0,0,0,0,7,33,37,20,2,0,0,0,0,0,0,2,0,4,0,0,7,7,0,0,0,0,2,20,44,45,23,0,0,0,0,0,3,0,0,0,0,0,0,0,0,0,0,0,0,15,53,79,77,45,0,0,0,0,0,0,0,0,0,0,0,0,0,0,0,0,0,0,0,16,41,40,17,0,0,0,0,0,0,0,0,0,0,0,0,0,0,0,0,0,0,0,3,28,28,8,0,0,0,0,0,0,0,0,0,0,0,0,0,0,0,0,0,0,0,0,5,8,0,0,0,0,0,0,0,0,0,0,0,0,0,0,0,0,0,0,0,0,6,24,19,0,0,0,0,0,0,0,0,0,0,0,0,0,0,0,0,0,0,0,4,38,55,43,9,0,0,0,0,0,0,0,0,0,0,0,0,0,0,0,0,0,0,0,32,46,34,0,0,0,0,0,0,0,0,0,0,0,0,0,0,0,0,0,0,0,8,32,42,30,0,0,0,0,0,0,0,0,0,0,0,0,0,0,0,0,0,0,0,13,49,61,47,17,0,0,0,0,0,0,0,0,0,0,0,0,0,0,0,0,0,0,0,0,0,0,0,0,0,0,0,0,0,0,0,0,0,0,0,0,0,0,0,0,0,3,26,32,15,0,0,0,0,0,0,0,0,0,0,0,0,0,0,0,0,0,0,0,0,22,28,9,0,0,0,0,0,0,0,0,0,0,0,0,0,0,0,0,0,0,0,0,0,0,0,0,0,0,0,0,0,0,0,0,0,0,0,0,0,0,0,0,0,0,0,15,12,0,0,0,0,0,0,0,0,0,0,0,0,0,0,0,0,0,0,0,0,0,20,25,12,0,0,0,0,0,0,0,0,0,0,0,0,0,0,0,0,0,0,0,14,24,20,0,0,0,0,0,0,0,0,0,0,0,0,0,0,0,0,0,0,0,0,0,0,0,0,0,0,0,0,0,0,0,0,0,0,0,0,0,0,0,0,0,0,0,0,0,0,0,0,0,0,0,0,0,0,0,0,0,0,0,0,0,0,0,0,0,0,0,0,0,0,0,0,0,0,0,0,0,0,0,0,0,0,0,0,0,0,0,0,0,0,0,0,0,0,0,0,0,0,0,0,0,0,0,0,0,0,0,0,0,0,0,0,0,0,0,0,0,0,0,0,0,0,0,0,0,0,0,0,0,0,0,0,0,0,0,0,0,0,0,0,0,0,0,0,0,0,0,0,0,0,0,0,0,0,0,0,0,0,0,0,0,0,0,0,0,0,0,0,0,0,0,0,0,0,0,0,0,0,0,0,0,0,0,0,0,0,0,0,0,0,0,0,0,0,0,0,0,0,0,0,0,0,0,0,0,0,0,0,0,0,0,0,0,0,0,0,0,0,0,0,0,0,0,0,0,0,0,0,0,0,0,0,0,0,0,0,0,0,0,0,0,0,0
0.316318
44,50,43,24,3,0,0,19,27,29,23,22,27,25,20,23,32,28,28,38,55,180,234,248,229,167,57,33,36,30,30,23,23,22,20,20,21,31,44,51,47,34,29,39,110,158,169,148,86,64,67,61,55,52,48,41,37,38,33,34,29,19,19,32,54,65,81,161,205,214,189,120,74,69,53,41,37,26,19,17,27,34,38,34,39,31,14,22,24,38,100,142,148,123,63,49,50,55,48,45,47,44,35,28,23,30,33,36,30,25,37,48,56,142,180,183,152,70,32,23,28,21,9,6,10,18,16,19,22,17,10,8,10,13,15,23,90,124,125,91,27,18,18,32,34,18,12,19,20,34,28,18,2,6,23,29,25,25,27,90,120,117,80,19,14,13,11,17,13,0,0,0,0,0,0,0,0,9,13,12,13,25,64,89,85,52,16,10,0,0,0,0,0,2,5,7,8,6,1,0,2,11,16,22,42,105,131,124,82,8,5,0,0,6,8,0,0,2,8,9,0,0,0,0,0,0,0,19,68,90,80,35,1,0,0,0,0,4,0,0,0,0,0,0,0,0,0,0,0,3,19,60,79,69,24,7,0,0,0,0,0,0,0,0,0,0,0,0,0,0,0,0,0,13,45,60,45,9,0,0,0,0,0,0,0,0,0,0,0,0,0,0,0,0,0,0,11,46,61,49,14,0,0,0,0,0,0,0,0,0,0,0,0,0,0,0,0,0,0,5,53,68,54,15,0,0,0,0,0,0,0,0,0,0,0,0,0,0,0,0,0,0,23,59,67,47,16,0,0,0,0,0,0,0,0,0,0,0,0,0,0,0,0,0,0,1,38,48,28,0,0,0,0,0,0,0,0,0,0,0,0,0,0,0,0,0,0,0,9,32,37,19,0,0,0,0,0,0,0,4,2,8,1,0,5,5,0,0,0,0,10,27,50,51,29,0,0,0,0,0,0,0,0,0,0,0,0,0,0,0,0,0,0,12,49,78,78,49,0,0,0,0,0,0,0,0,0,0,0,0,0,0,0,0,0,0,0,14,41,40,16,0,0,0,0,0,0,0,0,0,0,0,0,0,0,0,0,0,0,0,8,29,28,8,0,0,0,0,0,0,0,0,0,0,0,0,0,0,0,0,0,0,0,0,1,4,0,0,0,0,0,0,0,0,0,0,0,0,0,0,0,0,0,0,0,0,6,25,20,0,0,0,0,0,0,0,0,0,0,0,0,0,0,0,0,0,0,0,1,40,59,49,14,0,0,0,0,0,0,0,0,0,0,0,0,0,0,0,0,0,0,0,33,47,35,0,0,0,0,0,0,0,0,0,0,0,0,0,0,0,0,0,0,0,9,35,47,35,0,0,0,0,0,0,0,0,0,0,0,0,0,0,0,0,0,0,0,9,50,64,50,16,0,0,0,0,0,0,0,0,0,0,0,0,0,0,0,0,0,0,0,0,0,0,0,0,0,0,0,0,0,0,0,0,0,0,0,0,0,0,0,0,0,0,26,34,16,0,0,0,0,0,0,0,0,0,0,0,0,0,0,0,0,0,0,0,0,22,31,13,0,0,0,0,0,0,0,0,0,0,0,0,0,0,0,0,0,0,0,0,0,0,0,0,0,0,0,0,0,0,0,0,0,0,0,0,0,0,0,0,0,0,0,15,16,0,0,0,0,0,0,0,0,0,0,0,0,0,0,0,0,0,0,0,0,0,22,26,7,0,0,0,0,0,0,0,0,0,0,0,0,0,0,0,0,0,0,0,12,25,24,5,0,0,0,0,0,0,0,0,0,0,0,0,0,0,0,0,0,0,0,0,0,0,0,0,0,0,0,0,0,0,0,0,0,0,0,0,0,0,0,0,0,0,0,0,0,0,0,0,0,0,0,0,0,0,0,0,0,0,0,0,0,0,0,0,0,0,0,0,0,0,0,0,0,0,0,0,0,0,0,0,0,0,0,0,0,0,0,0,0,0,0,0,0,0,0,0,0,0,0,0,0,0,0,0,0,0,0,0,0,0,0,0,0,0,0,0,0,0,0,0,0,0,0,0,0,0,0,0,0,0,0,0,0,0,0,0,0,0,0,0,0,0,0,0,0,0,0,0,0,0,0,0,0,0,0,0,0,0,0,0,0,0,0,0,0,0,0,0,0,0,0,0,0,0,0,0,0,0,0,0,0,0,0,0,0,0,0,0,0,0,0,0,0,0,0,0,0,0,0,0,0,0,0,0,0,0,0,0,0,0,0,0,0,0,0,0,0,0,0,0,0,0,0,0,0,0,0,0,0,0,0,0,0,0,0,0,0,0,0,0,0,0
0.33373
48,51,44,27,3,0,1,16,31,35,29,24,25,22,19,24,29,27,24,37,53,180,234,248,229,167,56,35,33,28,30,23,22,21,20,23,32,42,46,50,52,40,31,36,110,159,169,147,82,65,69,58,55,54,49,40,31,38,34,34,31,21,18,33,54,62,76,160,205,214,189,119,72,66,49,45,41,28,22,20,26,29,35,35,38,30,20,22,25,38,101,143,149,124,63,44,47,53,51,50,47,39,34,28,20,31,37,41,31,29,37,44,54,142,181,184,154,69,31,23,28,23,11,10,15,19,13,18,24,21,13,7,12,13,12,25,88,123,124,91,28,15,15,28,28,16,20,25,18,29,27,21,11,16,26,27,28,29,30,89,119,117,80,20,11,14,9,16,11,0,0,0,0,0,0,0,3,10,12,11,11,18,60,86,82,49,15,11,0,0,0,0,0,0,7,11,9,1,0,0,0,6,14,21,39,105,131,125,82,11,5,0,0,10,15,11,8,5,3,8,0,0,0,0,0,0,0,14,68,91,81,38,1,0,0,3,9,7,0,0,0,0,0,0,0,0,0,0,0,4,18,61,81,70,22,15,5,0,0,1,0,0,0,0,0,0,0,0,0,0,0,0,0,6,41,57,44,9,0,0,0,0,0,0,0,0,0,0,0,0,0,0,0,0,0,4,13,47,62,48,10,0,0,0,0,0,0,0,0,0,0,0,0,0,0,0,0,0,0,10,54,69,55,13,0,0,0,0,0,0,0,0,0,0,0,0,0,0,0,0,0,0,20,58,67,47,16,0,0,0,0,0,0,0,0,0,0,0,0,0,0,0,0,0,0,0,38,47,28,0,0,0,0,0,0,0,0,0,0,0,0,0,0,0,0,0,0,0,9,30,35,15,0,0,0,0,0,0,2,3,3,7,0,0,0,1,0,0,0,0,3,23,50,53,29,0,0,2,0,1,3,0,0,0,0,0,0,0,0,0,0,0,0,14,51,79,79,48,0,0,0,0,0,0,0,0,0,0,0,0,0,0,0,0,0,0,0,13,41,40,16,0,0,0,0,0,0,0,0,0,0,0,0,0,0,0,0,0,0,0,3,24,23,3,0,0,0,0,0,0,0,0,0,0,0,0,0,0,0,0,0,0,0,0,11,9,0,0,0,0,0,0,0,0,0,0,0,0,0,0,0,0,0,0,0,0,6,25,20,0,0,0,0,0,0,0,0,0,0,0,0,0,0,0,0,0,0,0,0,42,62,53,15,0,0,0,0,0,0,0,0,0,0,0,0,0,0,0,0,0,0,0,34,50,38,0,0,0,0,0,0,0,0,0,0,0,0,0,0,0,0,0,0,0,5,34,49,36,0,0,0,0,0,0,0,0,0,0,0,0,0,0,0,0,0,0,0,4,52,66,53,19,0,0,0,0,0,0,0,0,0,0,0,0,0,0,0,0,0,0,0,0,0,0,0,0,0,0,0,0,0,0,0,0,0,0,0,0,0,0,0,0,0,0,29,37,18,0,0,0,0,0,0,0,0,0,0,0,0,0,0,0,0,0,0,0,0,29,36,18,0,0,0,0,0,0,0,0,0,0,0,0,0,0,0,0,0,0,0,0,0,0,0,0,0,0,0,0,0,0,0,0,0,0,0,0,0,0,0,0,0,0,0,18,23,5,0,0,0,0,0,0,0,0,0,0,0,0,0,0,0,0,0,0,0,0,23,26,5,0,0,0,0,0,0,0,0,0,0,0,0,0,0,0,0,0,0,0,15,27,25,5,0,0,0,0,0,0,0,0,0,0,0,0,0,0,0,0,0,0,0,0,0,0,0,0,0,0,0,0,0,0,0,0,0,0,0,0,0,0,0,0,0,0,0,0,0,0,0,0,0,0,0,0,0,0,0,0,0,0,0,0,0,0,0,0,0,0,0,0,0,0,0,0,0,0,0,0,0,0,0,0,0,0,0,0,0,0,0,0,0,0,0,0,0,0,0,0,0,0,0,0,0,0,0,0,0,0,0,0,0,0,0,0,0,0,0,0,0,0,0,0,0,0,0,0,0,0,0,0,0,0,0,0,0,0,0,0,0,0,0,0,0,0,0,0,0,0,0,0,0,0,0,0,0,0,0,0,0,0,0,0,0,0,0,0,0,0,0,0,0,0,0,0,0,0,0,0,0,0,0,0,0,0,0,0,0,0,0,0,0,0,0,0,0,0,0,0,0,0,0,0,0,0,0,0,0,0,0,0,0,0,0,0,0,0,0,0,0,0,0,0,0,0,0,0,0,0,0,0,0,0,0,0,0,0,0,0,0,0,0,0,0,0
0.351142
47,52,45,28,1,0,2,12,27,30,25,25,27,27,25,27,28,33,32,40,48,180,234,248,229,166,59,42,35,28,25,21,22,25,24,25,32,48,54,51,50,43,33,33,110,159,170,148,82,61,68,62,56,50,44,35,27,34,30,28,26,23,25,29,52,63,74,161,206,214,189,118,66,67,54,45,39,26,17,20,28,26,31,32,33,30,24,21,20,37,101,143,150,123,57,41,44,48,44,46,45,34,31,30,27,36,42,43,35,34,37,44,55,143,182,185,155,71,29,21,29,23,12,13,16,15,10,13,21,17,6,6,13,15,16,24,88,123,123,90,30,17,14,25,26,10,19,27,23,28,27,23,6,16,30,32,30,25,27,89,118,116,79,20,13,15,6,12,7,0,0,0,0,0,0,2,4,6,6,5,5,13,57,82,78,44,11,8,0,0,0,0,0,2,7,9,6,0,0,0,0,2,8,17,38,105,131,124,81,12,3,0,0,5,13,10,15,15,11,11,0,0,0,0,0,0,0,13,68,90,81,37,0,0,0,4,9,5,0,0,0,0,0,0,0,0,0,0,0,6,24,64,82,71,24,9,7,0,0,2,0,0,0,0,0,0,0,0,0,0,0,0,0,6,40,56,42,7,0,0,0,0,0,0,0,0,0,0,0,0,0,0,0,0,0,6,11,47,63,48,9,0,0,0,0,0,0,0,0,0,0,0,0,0,0,0,0,0,0,10,53,68,53,13,0,0,0,0,0,0,0,0,0,0,0,0,0,0,0,0,0,0,16,57,67,48,13,0,0,0,0,0,0,0,0,0,0,0,0,0,0,0,0,0,0,0,37,46,23,0,0,0,0,0,0,0,0,0,0,0,0,0,0,0,0,0,0,0,8,29,34,15,0,0,0,0,0,3,10,8,2,4,0,0,0,2,1,0,0,0,0,23,52,55,29,0,0,0,1,2,0,0,0,0,0,0,0,0,0,0,0,0,0,8,48,78,78,47,0,0,0,0,0,0,0,0,0,0,0,0,0,0,0,0,0,0,0,15,42,40,15,0,0,0,0,0,0,0,0,0,0,0,0,0,0,0,0,0,0,0,6,25,23,2,0,0,0,0,0,0,0,0,0,0,0,0,0,0,0,0,0,0,0,0,14,8,0,0,0,0,0,0,0,0,0,0,0,0,0,0,0,0,0,0,0,0,8,26,17,0,0,0,0,0,0,0,0,0,0,0,0,0,0,0,0,0,0,0,0,44,64,53,12,0,0,0,0,0,0,0,0,0,0,0,0,0,0,0,0,0,0,0,37,52,40,0,0,0,0,0,0,0,0,0,0,0,0,0,0,0,0,0,0,0,7,37,50,36,0,0,0,0,0,0,0,0,0,0,0,0,0,0,0,0,0,0,0,10,55,67,51,13,0,0,0,0,0,0,0,0,0,0,0,0,0,0,0,0,0,0,0,0,0,0,0,0,0,0,0,0,0,0,0,0,0,0,0,0,0,0,0,0,0,3,32,38,18,0,0,0,0,0,0,0,0,0,0,0,0,0,0,0,0,0,0,0,0,30,34,13,0,0,0,0,0,0,0,0,0,0,0,0,0,0,0,0,0,0,0,0,0,0,0,0,0,0,0,0,0,0,0,0,0,0,0,0,0,0,0,0,0,0,0,19,21,0,0,0,0,0,0,0,0,0,0,0,0,0,0,0,0,0,0,0,0,4,26,25,2,0,0,0,0,0,0,0,0,0,0,0,0,0,0,0,0,0,0,0,14,30,26,2,0,0,0,0,0,0,0,0,0,0,0,0,0,0,0,0,0,0,0,0,0,0,0,0,0,0,0,0,0,0,0,0,0,0,0,0,0,0,0,0,0,0,0,0,0,0,0,0,0,0,0,0,0,0,0,0,0,0,0,0,0,0,0,0,0,0,0,0,0,0,0,0,0,0,0,0,0,0,0,0,0,0,0,0,0,0,0,0,0,0,0,0,0,0,0,0,0,0,0,0,0,0,0,0,0,0,0,0,0,0,0,0,0,0,0,0,0,0,0,0,0,0,0,0,0,0,0,0,0,0,0,0,0,0,0,0,0,0,0,0,0,0,0,0,0,0,0,0,0,0,0,0,0,0,0,0,0,4,5,0,0,0,0,0,0,0,0,0,0,0,0,0,0,0,0,0,0,0,0,0,0,0,0,0,0,0,0,0,0,0,0,0,0,0,0,0,0,0,0,0,0,0,0,0,0,0,0,0,0,0,0,0,0,0,0,0,0,0,0,0,0,0,0,0,0,0,0,0,0,0,0,0,0,0,0,0,0,0,0,0,0,0
0.368554
48,50,41,28,5,0,0,15,32,34,25,21,25,25,22,29,33,39,38,43,47,181,234,248,229,166,60,42,34,26,20,16,16,23,21,28,36,47,54,51,48,44,35,30,111,160,170,148,83,61,69,66,58,49,40,32,25,31,28,29,30,26,25,26,50,57,72,162,207,215,190,119,67,73,61,47,37,22,11,19,28,27,31,33,31,25,24,23,15,35,101,143,149,123,56,37,48,53,48,45,43,35,32,27,27,35,39,41,38,37,35,45,59,145,183,186,155,69,28,22,28,23,9,10,17,16,9,12,19,14,5,4,8,11,18,23,88,123,122,87,31,19,17,24,26,13,19,27,21,27,28,25,6,14,34,38,33,26,28,87,117,115,78,21,14,16,10,13,7,0,0,0,0,0,0,0,2,6,7,7,7,11,50,76,73,40,12,7,0,0,0,0,0,1,2,5,5,0,0,0,0,9,15,20,45,108,132,124,80,7,1,0,5,10,13,7,9,9,9,7,0,0,0,0,0,0,0,10,67,89,79,34,0,0,0,0,2,2,0,0,0,0,0,0,0,0,0,0,0,10,26,64,83,71,26,5,4,0,0,2,0,0,0,0,0,0,0,0,0,0,0,0,0,2,40,57,42,3,0,0,0,0,0,0,0,0,0,0,0,0,0,0,0,0,0,6,13,51,65,49,5,0,0,0,0,0,0,0,0,0,0,0,0,0,0,0,0,0,0,11,49,63,48,8,0,0,0,0,0,0,0,0,0,0,0,0,0,0,0,0,0,0,21,59,66,44,9,0,0,0,0,0,0,0,0,0,0,0,0,0,0,0,0,0,0,0,39,46,23,0,0,0,0,0,0,0,0,0,0,0,0,0,0,0,0,0,0,0,9,31,32,12,0,0,0,0,0,0,8,6,0,3,0,0,0,0,0,0,0,0,1,30,57,57,26,0,0,0,0,0,0,0,0,0,0,0,0,0,0,0,0,0,0,14,52,80,78,45,0,0,0,0,0,0,0,0,0,0,0,0,0,0,0,0,0,0,0,22,45,39,10,0,0,0,0,0,0,0,0,0,0,0,0,0,0,0,0,0,0,0,19,30,20,0,0,0,0,0,0,0,0,0,0,0,0,0,0,0,0,0,0,0,0,5,17,10,0,0,0,0,0,0,0,0,0,0,0,0,0,0,0,0,0,0,0,0,11,27,17,0,0,0,0,0,0,0,0,0,0,0,0,0,0,0,0,0,0,0,1,46,64,51,11,0,0,0,0,0,0,0,0,0,0,0,0,0,0,0,0,0,0,0,39,53,37,0,0,0,0,0,0,0,0,0,0,0,0,0,0,0,0,0,0,0,11,41,50,32,0,0,0,0,0,0,0,0,0,0,0,0,0,0,0,0,0,0,0,18,58,67,48,11,0,0,0,0,0,0,0,0,0,0,0,0,0,0,0,0,0,0,0,0,0,0,0,0,0,0,0,0,0,0,0,0,0,0,0,0,0,0,0,0,0,1,32,38,17,0,0,0,0,0,0,0,0,0,0,0,0,0,0,0,0,0,0,0,0,28,30,9,0,0,0,0,0,0,0,0,0,0,0,0,0,0,0,0,0,0,0,0,0,0,0,0,0,0,0,0,0,0,0,0,0,0,0,0,0,0,0,0,0,0,3,23,20,0,0,0,0,0,0,0,0,0,0,0,0,0,0,0,0,0,0,0,0,5,28,25,2,0,0,0,0,0,0,0,0,0,0,0,0,0,0,0,0,0,0,0,19,32,24,0,0,0,0,0,0,0,0,0,0,0,0,0,0,0,0,0,0,0,0,0,0,0,0,0,0,0,0,0,0,0,0,0,0,0,0,0,0,0,0,0,0,0,0,0,0,0,0,0,0,0,0,0,0,0,0,0,0,0,0,0,0,0,0,0,0,0,0,0,0,0,0,0,0,0,0,0,0,0,0,0,0,0,0,0,0,0,0,0,0,0,0,0,0,0,0,0,0,0,0,0,0,0,0,0,0,0,0,0,0,0,0,0,0,0,0,0,0,0,0,0,0,0,0,0,0,0,0,0,0,0,0,0,0,0,0,0,0,0,0,0,0,0,0,0,0,0,0,0,0,0,0,0,0,0,0,0,0,9,10,0,0,0,0,0,0,0,0,0,0,0,0,0,0,0,0,0,0,0,0,0,0,0,0,0,0,0,0,0,0,0,0,0,0,0,0,0,0,0,0,0,0,0,0,0,0,0,0,0,0,0,0,0,0,0,0,0,0,0,0,0,0,0,0,0,0,0,0,0,0,0,0,0,0,0,0,0,0,0,0,0,0,0
0.385966
47,52,45,32,6,0,0,15,31,32,22,16,21,21,18,24,28,33,33,39,52,181,234,248,228,165,55,39,31,26,18,16,15,25,24,31,31,46,56,53,51,46,36,32,112,160,171,148,82,57,66,65,56,47,38,28,25,30,32,34,29,26,24,25,46,53,71,164,208,215,189,117,65,71,66,53,41,21,13,21,26,25,31,33,29,18,24,25,10,37,101,143,148,121,51,36,55,61,52,45,39,29,28,29,34,41,43,39,41,42,37,40,61,148,185,187,155,66,27,22,25,25,15,12,17,15,12,14,17,9,3,5,9,16,17,26,90,123,122,87,27,16,12,20,21,10,18,24,15,23,29,25,9,20,39,41,31,23,27,88,117,113,76,17,10,14,8,8,8,0,0,0,0,0,0,0,3,0,8,10,5,8,48,73,70,39,10,3,0,0,0,0,0,2,3,8,11,6,0,0,0,6,11,15,46,110,133,123,78,10,3,0,1,5,8,2,2,5,8,5,0,0,0,0,0,0,0,13,68,88,77,33,0,0,0,0,0,0,1,0,0,0,0,0,0,0,0,0,1,9,26,65,83,70,24,8,3,0,0,2,0,0,0,0,0,0,0,0,0,0,0,0,0,6,44,58,43,1,0,0,0,0,0,0,0,0,0,0,0,0,0,0,0,0,0,0,16,54,65,46,6,0,0,0,0,0,0,0,0,0,0,0,0,0,0,0,0,0,0,5,42,56,42,3,0,0,0,0,0,0,0,0,0,0,0,0,0,0,0,0,0,0,23,60,66,42,6,0,0,0,0,0,0,0,0,0,0,0,0,0,0,0,0,0,0,6,40,45,19,0,0,0,0,0,0,0,0,0,0,0,0,0,0,0,0,0,0,0,13,35,34,11,0,0,0,0,0,0,2,0,0,0,0,0,0,3,0,0,0,0,0,38,64,61,27,0,0,0,0,0,0,0,0,0,0,0,0,0,0,0,0,0,0,17,55,81,76,41,0,0,0,0,0,0,0,0,0,0,0,0,0,0,0,0,0,0,0,27,49,41,8,0,0,0,0,0,0,0,0,0,0,0,0,0,0,0,0,0,0,0,21,32,18,0,0,0,0,0,0,0,0,0,0,0,0,0,0,0,0,0,0,0,0,0,11,4,0,0,0,0,0,0,0,0,0,0,0,0,0,0,0,0,0,0,0,0,15,28,15,0,0,0,0,0,0,0,0,0,0,0,0,0,0,0,0,0,0,0,3,46,61,46,7,0,0,0,0,0,0,0,0,0,0,0,0,0,0,0,0,0,0,6,43,52,35,0,0,0,0,0,0,0,0,0,0,0,0,0,0,0,0,0,0,0,15,44,49,27,0,0,0,0,0,0,0,0,0,0,0,0,0,0,0,0,0,0,0,25,60,65,43,10,0,0,0,0,0,0,0,0,0,0,0,0,0,0,0,0,0,0,0,0,0,0,0,0,0,0,0,0,0,0,0,0,0,0,0,0,0,0,0,0,0,11,34,33,12,0,0,0,0,0,0,0,0,0,0,0,0,0,0,0,0,0,0,0,0,27,28,6,0,0,0,0,0,0,0,0,0,0,0,0,0,0,0,0,0,0,0,0,0,0,0,0,0,0,0,0,0,0,0,0,0,0,0,0,0,0,0,0,0,0,6,22,19,0,0,0,0,0,0,0,0,0,0,0,0,0,0,0,0,0,0,0,0,10,24,22,0,0,0,0,0,0,0,0,0,0,0,0,0,0,0,0,0,0,0,1,24,32,22,0,0,0,0,0,0,0,0,0,0,0,0,0,0,0,0,0,0,0,0,0,0,0,0,0,0,0,0,0,0,0,0,0,0,0,0,0,0,0,0,0,0,0,0,0,0,0,0,0,0,0,0,0,0,0,0,0,0,0,0,0,0,0,0,0,0,0,0,0,0,0,0,0,0,0,0,0,0,0,0,0,0,0,0,0,0,0,0,0,0,0,0,0,0,0,0,0,0,0,0,0,0,0,0,0,0,0,0,0,0,0,0,0,0,0,0,0,0,0,0,0,0,0,0,0,0,0,0,0,0,0,0,0,0,0,0,0,0,0,0,0,0,0,0,0,0,0,0,0,0,0,0,0,0,0,0,0,0,3,4,0,0,0,0,0,0,0,0,0,0,0,0,0,0,0,0,0,0,0,0,0,0,0,0,0,0,0,0,0,0,0,0,0,0,0,0,0,0,0,0,0,0,0,0,0,0,0,0,0,0,0,0,0,0,0,0,0,0,0,0,0,0,0,0,0,0,0,0,0,0,0,0,0,0,0,0,0,0,0,0,0,0,0
0.403378
54,55,44,30,4,0,2,19,30,29,22,20,25,25,22,23,28,30,32,35,52,181,234,248,228,165,56,42,31,29,22,18,11,26,27,30,29,49,56,52,50,44,35,35,114,161,171,148,82,52,61,61,53,45,37,30,22,27,32,34,29,27,25,24,47,49,72,165,208,215,189,116,70,74,67,52,43,28,19,18,23,26,30,31,27,22,25,21,17,38,102,142,147,118,50,39,59,61,47,46,45,35,32,34,38,44,48,44,38,44,44,39,64,151,187,188,155,67,34,25,24,21,16,17,19,13,12,12,16,12,7,6,7,12,21,33,91,123,121,84,25,12,9,16,17,5,13,22,17,25,31,25,5,19,36,36,27,22,25,88,117,113,73,16,14,13,4,8,9,0,0,0,0,0,0,0,0,0,3,4,1,8,48,72,67,35,8,0,0,0,0,0,3,8,5,5,5,1,0,0,0,11,11,11,52,112,134,123,75,11,4,0,0,1,3,0,0,1,3,4,0,0,0,0,0,0,0,15,68,87,75,28,0,0,0,0,0,1,1,0,0,0,0,0,0,0,0,0,0,10,32,67,82,67,18,4,2,0,0,1,0,0,0,0,0,0,0,0,0,0,0,0,5,13,47,59,40,0,0,0,0,0,0,0,0,0,0,0,0,0,0,0,0,0,0,0,17,55,65,43,3,0,0,0,0,0,0,0,0,0,0,0,0,0,0,0,0,0,0,0,36,51,39,10,0,0,0,0,0,0,0,0,0,0,0,0,0,0,0,0,0,0,31,63,66,39,8,0,0,0,0,0,0,0,0,0,0,0,0,0,0,0,0,0,0,2,38,43,17,0,0,0,0,0,0,0,1,0,0,0,0,0,0,0,0,0,0,0,12,31,32,10,0,0,0,0,0,0,0,0,0,0,0,0,0,3,0,0,0,0,0,43,68,62,26,0,0,0,3,3,0,0,0,0,0,0,0,0,0,0,0,0,0,18,59,81,73,38,5,0,0,0,0,0,0,0,0,0,0,0,0,0,0,0,0,0,6,33,50,41,11,0,0,0,0,0,0,0,0,0,0,0,0,0,0,0,0,0,0,2,26,36,21,0,0,0,0,0,0,0,0,0,0,0,0,0,0,0,0,0,0,0,0,0,4,0,0,0,0,0,0,0,0,0,0,0,0,0,0,0,0,0,0,0,0,0,15,27,11,0,0,0,0,0,0,0,0,0,0,0,0,0,0,0,0,0,0,0,5,45,57,40,4,0,0,0,0,0,0,0,0,0,0,0,0,0,0,0,0,0,0,14,46,52,32,0,0,0,0,0,0,0,0,0,0,0,0,0,0,0,0,0,0,0,23,48,49,23,0,0,0,0,0,0,0,0,0,0,0,0,0,0,0,0,0,0,0,34,63,64,39,3,0,0,0,0,0,0,0,0,0,0,0,0,0,0,0,0,0,0,0,4,0,0,0,0,0,0,0,0,0,0,0,0,0,0,0,0,0,0,0,0,0,16,34,29,8,0,0,0,0,0,0,0,0,0,0,0,0,0,0,0,0,0,0,0,6,26,23,2,0,0,0,0,0,0,0,0,0,0,0,0,0,0,0,0,0,0,0,0,0,0,0,0,0,0,0,0,0,0,0,0,0,0,0,0,0,0,0,0,0,0,6,21,18,0,0,0,0,0,0,0,0,0,0,0,0,0,0,0,0,0,0,0,0,13,26,21,0,0,0,0,0,0,0,0,0,0,0,0,0,0,0,0,0,0,0,4,27,33,20,0,0,0,0,0,0,0,0,0,0,0,0,0,0,0,0,0,0,0,0,0,0,0,0,0,0,0,0,0,0,0,0,0,0,0,0,0,0,0,0,0,0,0,0,0,0,0,0,0,0,0,0,0,0,0,0,0,0,0,0,0,0,0,0,0,0,0,0,0,0,0,0,0,0,0,0,0,0,0,0,0,0,0,0,0,0,0,0,0,0,0,0,0,0,0,0,0,0,0,0,0,0,0,0,0,0,0,0,0,0,0,0,0,0,0,0,0,0,0,0,0,0,0,0,0,0,0,0,0,0,0,0,0,0,0,0,0,0,0,0,0,0,0,0,0,0,0,0,0,0,0,0,0,0,0,0,0,0,0,0,0,0,0,0,0,0,0,0,0,0,0,0,0,0,0,0,0,0,0,0,0,0,0,0,0,0,0,0,0,0,0,0,0,0,0,0,0,0,0,0,0,0,0,0,0,0,0,0,0,0,0,0,0,0,0,0,0,0,0,0,0,0,0,0,0,0,0,0,0,0,0,0,0,0,0,0,0,0,0,0,0,0,0
0.414986
48,57,46,27,4,0,1,22,31,27,21,19,29,30,26,23,29,31,26,31,51,182,234,248,228,165,55,42,32,27,20,17,11,25,24,27,33,54,57,47,48,39,29,30,114,162,171,148,81,52,62,61,53,41,34,30,20,22,29,30,23,24,23,21,48,44,72,165,208,216,189,117,76,77,68,52,41,27,17,15,20,23,31,35,32,26,25,18,16,37,101,142,146,117,49,45,64,60,44,49,50,36,30,37,38,43,49,39,44,47,48,42,64,153,188,189,155,67,38,24,25,21,14,20,21,14,15,12,15,10,6,2,3,10,22,28,92,123,121,84,26,11,6,12,14,0,10,22,15,22,28,23,10,19,31,31,21,21,29,89,117,112,71,17,17,13,0,5,4,0,0,0,1,0,0,0,0,0,0,0,0,7,49,71,66,34,6,0,0,0,0,0,5,6,9,7,1,0,0,0,1,18,20,16,55,114,135,123,76,15,0,0,0,0,3,0,0,5,9,7,0,0,0,0,0,0,0,15,68,87,73,25,0,0,0,0,0,8,9,0,0,0,0,0,0,0,0,0,0,4,32,68,82,64,14,2,3,0,0,0,0,0,0,0,0,0,0,0,0,0,0,0,7,16,47,59,40,0,0,0,0,0,0,0,0,0,0,0,0,0,0,0,0,0,0,0,15,55,65,42,1,0,0,0,0,0,0,0,0,0,0,0,0,0,0,0,0,0,0,0,30,46,35,9,0,0,0,0,0,0,0,0,0,0,0,0,0,0,0,0,0,1,30,63,65,39,10,0,0,0,0,0,0,0,0,0,0,0,0,0,0,0,0,0,0,6,38,39,11,0,0,0,0,0,0,2,1,0,0,0,0,0,0,0,0,0,0,0,12,29,28,4,0,0,0,0,0,0,0,0,0,0,0,0,0,0,0,0,0,0,1,49,71,64,26,0,0,1,3,2,0,0,0,0,0,0,0,0,0,0,0,0,0,15,60,81,72,37,0,0,0,0,0,0,0,0,0,0,0,0,0,0,0,0,0,0,5,33,49,37,14,0,0,0,0,0,0,0,0,0,0,0,0,0,0,0,0,0,0,0,26,36,17,0,0,0,0,0,0,0,0,0,0,0,0,0,0,0,0,0,0,0,0,0,2,0,0,0,0,0,0,0,0,0,0,0,0,0,0,0,0,0,0,0,0,0,15,25,9,0,0,0,0,0,0,0,0,0,0,0,0,0,0,0,0,0,0,0,6,46,56,38,3,0,0,0,0,0,0,0,0,0,0,0,0,0,0,0,0,0,0,18,49,52,28,0,0,0,0,0,0,0,0,0,0,0,0,0,0,0,0,0,0,0,25,50,49,22,0,0,0,0,0,0,0,0,0,0,0,0,0,0,0,0,0,0,0,38,65,63,34,1,0,0,0,0,0,0,0,0,0,0,0,0,0,0,0,0,0,0,0,5,0,0,0,0,0,0,0,0,0,0,0,0,0,0,0,0,0,0,0,0,0,15,34,28,6,0,0,0,0,0,0,0,0,0,0,0,0,0,0,0,0,0,0,0,8,27,23,0,0,0,0,0,0,0,0,0,0,0,0,0,0,0,0,0,0,0,0,0,0,0,0,0,0,0,0,0,0,0,0,0,0,0,0,0,0,0,0,0,0,0,3,18,15,0,0,0,0,0,0,0,0,0,0,0,0,0,0,0,0,0,0,0,0,17,29,21,0,0,0,0,0,0,0,0,0,0,0,0,0,0,0,0,0,0,0,2,29,34,18,0,0,0,0,0,0,0,0,0,0,0,0,0,0,0,0,0,0,0,0,0,0,0,0,0,0,0,0,0,0,0,0,0,0,0,0,0,0,0,0,0,0,0,0,0,0,0,0,0,0,0,0,0,0,0,0,0,0,0,0,0,0,0,0,0,0,0,0,0,0,0,0,0,0,0,0,0,0,0,0,0,0,0,0,0,0,0,0,0,0,0,0,0,0,0,0,0,0,0,0,0,0,0,0,0,0,0,0,0,0,0,0,0,0,0,0,0,0,0,0,0,0,0,0,0,0,0,0,0,0,0,0,0,0,0,0,0,0,0,0,0,0,0,0,0,0,0,0,0,0,0,0,0,0,0,0,0,0,0,0,0,0,0,0,0,0,0,0,0,0,0,0,0,0,0,0,0,0,0,0,0,0,0,0,0,0,0,0,0,0,0,0,0,0,0,0,0,0,0,0,0,0,0,0,0,0,0,0,0,0,0,0,0,0,0,0,0,0,0,0,0,0,0,0,0,0,0,0,0,0,0,0,0,0,0,0,0,0,0,0,0,0,0
0.432398
51,58,45,24,0,0,0,17,29,27,19,21,29,28,23,24,28,27,24,31,48,181,234,248,228,165,56,43,26,27,26,21,13,21,19,22,35,58,62,53,50,38,26,26,114,161,171,148,83,58,63,60,52,44,36,30,21,23,29,26,22,25,26,19,53,57,76,165,209,216,190,119,69,73,64,49,41,24,21,19,18,23,32,42,42,31,22,17,21,39,101,141,146,117,54,54,69,67,51,46,46,37,32,37,35,45,58,52,44,45,49,47,67,153,189,190,156,69,37,25,21,23,21,23,18,12,15,12,17,9,6,11,14,16,22,24,91,122,120,84,29,11,2,10,10,0,13,22,16,23,31,29,14,16,27,29,24,23,29,89,117,112,71,15,15,11,0,3,0,0,0,0,1,0,0,0,0,0,0,0,0,4,44,68,64,30,1,0,0,0,0,0,8,12,12,4,7,5,0,1,6,22,25,19,51,113,134,123,76,14,4,0,0,0,11,8,2,5,9,4,0,0,0,0,0,0,0,11,66,85,72,26,0,0,0,0,0,12,16,6,0,0,0,0,6,0,0,0,0,2,31,68,81,64,15,1,0,0,0,0,0,0,0,0,0,0,0,0,0,0,0,0,6,17,48,60,41,0,0,0,0,0,0,0,0,0,0,0,0,0,0,0,0,0,0,0,17,58,68,47,11,0,0,0,0,0,0,0,0,0,0,0,0,0,0,0,0,0,0,0,29,43,32,6,0,0,0,0,0,0,0,0,0,0,0,0,0,0,0,0,0,0,31,63,65,37,6,0,0,0,0,0,0,0,0,0,0,0,0,0,0,0,0,0,0,9,41,42,14,0,0,0,0,0,0,4,0,0,0,0,0,0,0,0,0,0,0,0,10,30,29,8,0,0,0,0,0,0,0,0,0,0,0,0,0,0,0,0,0,0,0,49,73,67,31,0,0,0,4,0,0,0,0,0,0,0,0,0,0,0,0,0,0,11,56,79,71,33,0,0,0,0,0,0,0,0,0,0,0,0,0,0,0,0,0,0,1,29,47,38,12,0,0,0,0,0,0,0,0,0,0,0,0,0,0,0,0,0,0,0,25,38,24,1,0,0,0,0,0,0,0,0,0,0,0,0,0,0,0,0,0,0,0,0,9,2,0,0,0,0,0,0,0,0,0,0,0,0,0,0,0,0,0,0,0,0,13,25,7,0,0,0,0,0,0,0,0,0,0,0,0,0,0,0,0,0,0,0,7,46,56,37,0,0,0,0,0,0,0,0,0,0,0,0,0,0,0,0,0,0,0,16,50,54,29,0,0,0,0,0,0,0,0,0,0,0,0,0,0,0,0,0,0,0,23,50,51,26,0,0,0,0,0,0,0,0,0,0,0,0,0,0,0,0,0,0,0,38,66,65,36,0,0,0,0,0,0,0,0,0,0,0,0,0,0,0,0,0,0,0,0,4,0,0,0,0,0,0,0,0,0,0,0,0,0,0,0,0,0,0,0,0,0,13,34,30,6,0,0,0,0,0,0,0,0,0,0,0,0,0,0,0,0,0,0,0,6,28,24,1,0,0,0,0,0,0,0,0,0,0,0,0,0,0,0,0,0,0,0,0,0,0,0,0,0,0,0,0,0,0,0,0,0,0,0,0,0,0,0,0,0,0,2,16,13,0,0,0,0,0,0,0,0,0,0,0,0,0,0,0,0,0,0,0,0,11,27,20,0,0,0,0,0,0,0,0,0,0,0,0,0,0,0,0,0,0,0,0,29,35,17,0,0,0,0,0,0,0,0,0,0,0,0,0,0,0,0,0,0,0,0,0,0,0,0,0,0,0,0,0,0,0,0,0,0,0,0,0,0,0,0,0,0,0,0,0,0,0,0,0,0,0,0,0,0,0,0,0,0,0,0,0,0,0,0,0,0,0,0,0,0,0,0,0,0,0,0,0,0,0,0,0,0,0,0,0,0,0,0,0,0,0,0,0,0,0,0,0,0,0,0,0,0,0,0,0,0,0,0,0,0,0,0,0,0,0,0,0,0,0,0,0,0,0,0,0,0,0,0,0,0,0,0,0,0,0,0,0,0,0,0,0,0,0,0,0,0,0,0,0,0,0,0,0,0,0,0,0,0,0,0,0,0,0,0,0,0,0,0,0,0,0,0,0,0,0,0,0,0,0,0,0,0,0,0,0,0,0,0,0,0,0,0,0,0,0,0,0,0,0,0,0,0,0,0,0,0,0,0,0,0,0,0,0,0,0,0,0,0,0,0,0,0,0,0,0,0,0,0,0,0,0,0,0,0,0,0,0,0,0,0,0,0,0
0.44981
50,58,49,28,4,0,0,13,28,26,13,18,25,28,28,27,27,27,25,33,48,181,234,248,228,165,53,38,25,27,24,16,10,20,18,18,28,56,63,54,51,37,29,29,113,161,171,148,85,54,59,58,52,38,39,35,21,24,33,29,19,20,22,24,53,58,74,164,208,216,190,119,72,76,66,49,43,24,24,24,22,25,29,40,41,31,21,11,17,36,101,141,146,118,51,49,64,62,50,43,40,35,37,38,32,43,60,58,45,39,47,48,65,153,189,190,157,69,38,22,18,20,20,19,16,13,14,9,14,13,9,5,11,11,20,20,89,122,120,84,30,10,6,13,8,0,8,20,18,24,33,31,16,20,29,28,25,22,23,86,115,111,71,13,12,8,0,3,0,0,3,0,2,2,0,0,0,0,0,0,0,1,40,65,61,28,0,0,0,0,0,0,6,13,14,4,1,1,0,0,2,18,21,18,49,112,134,124,76,18,7,1,1,6,12,3,2,7,8,1,0,0,0,0,0,0,0,13,66,85,71,26,0,0,0,0,1,11,14,5,0,0,0,0,0,0,0,0,0,1,27,67,81,64,13,0,0,0,0,0,0,0,0,0,0,0,0,0,0,0,0,0,5,16,48,60,41,0,0,0,0,0,0,0,0,0,0,0,0,0,0,0,0,0,0,0,15,59,70,49,13,0,0,0,0,0,0,0,0,0,0,0,0,0,0,0,0,0,0,0,25,40,28,3,0,0,0,0,0,0,0,0,0,0,0,0,0,0,0,0,0,0,26,61,64,38,3,0,0,0,0,0,0,0,0,0,0,0,0,0,0,0,0,0,0,12,43,44,16,0,0,0,0,0,0,0,0,0,0,0,0,0,0,0,0,0,0,0,7,30,29,3,0,0,0,0,0,0,0,0,0,0,0,0,0,0,0,0,0,0,0,47,73,69,34,0,0,0,4,3,0,0,0,0,0,0,0,0,0,0,0,0,0,7,54,79,72,36,0,0,0,0,0,0,0,0,0,0,0,0,0,0,0,0,0,0,0,27,47,39,10,0,0,0,0,0,0,0,0,0,0,0,0,0,0,0,0,0,0,0,22,39,29,1,0,0,0,0,0,0,0,0,0,0,0,0,0,0,0,0,0,0,0,0,12,3,0,0,0,0,0,0,0,0,0,0,0,0,0,0,0,0,0,0,0,0,14,27,10,0,0,0,0,0,0,0,0,0,0,0,0,0,0,0,0,0,0,0,8,45,56,38,0,0,0,0,0,0,0,0,0,0,0,0,0,0,0,0,0,0,0,11,49,55,31,0,0,0,0,0,0,0,0,0,0,0,0,0,0,0,0,0,0,0,18,48,51,26,0,0,0,0,0,0,0,0,0,0,0,0,0,0,0,0,0,0,0,34,66,67,41,0,0,0,0,0,0,0,0,0,0,0,0,0,0,0,0,0,0,0,0,3,2,0,0,0,0,0,0,0,0,0,0,0,0,0,0,0,0,0,0,0,0,13,36,33,7,0,0,0,0,0,0,0,0,0,0,0,0,0,0,0,0,0,0,0,3,28,27,5,0,0,0,0,0,0,0,0,0,0,0,0,0,0,0,0,0,0,0,0,0,0,0,0,0,0,0,0,0,0,0,0,0,0,0,0,0,0,0,0,0,0,4,17,14,0,0,0,0,0,0,0,0,0,0,0,0,0,0,0,0,0,0,0,0,14,29,20,0,0,0,0,0,0,0,0,0,0,0,0,0,0,0,0,0,0,0,0,26,33,18,0,0,0,0,0,0,0,0,0,0,0,0,0,0,0,0,0,0,0,0,0,0,0,0,0,0,0,0,0,0,0,0,0,0,0,0,0,0,0,0,0,0,0,0,0,0,0,0,0,0,0,0,0,0,0,0,0,0,0,0,0,0,0,0,0,0,0,0,0,0,0,0,0,0,0,0,0,0,0,0,0,0,0,0,0,0,0,0,0,0,0,0,0,0,0,0,0,0,0,0,0,0,0,0,0,0,0,0,0,0,0,0,0,0,0,0,0,0,0,0,0,0,0,0,0,0,0,0,0,0,0,0,0,0,0,0,0,0,0,0,0,0,0,0,0,0,0,0,0,0,0,0,0,0,0,0,0,0,1,2,0,0,0,0,0,0,0,0,0,0,0,0,0,0,0,0,0,0,0,0,0,0,0,0,0,0,0,0,0,0,0,0,0,0,0,0,0,0,0,0,0,0,0,0,0,0,0,0,0,0,0,0,0,0,0,0,0,0,0,0,0,0,0,0,0,0,0,0,0,0,0,0,0,0,0,0,0,0,0,0,0,0,0
0.467222
48,57,50,27,0,0,0,13,27,23,10,13,21,25,31,33,30,30,24,28,45,181,234,247,228,165,52,42,32,29,23,18,16,24,23,23,34,58,64,54,50,43,33,30,112,160,171,148,83,51,56,55,52,39,33,33,16,21,29,32,30,27,21,23,51,58,74,163,208,216,191,119,71,71,64,47,39,30,33,30,27,26,27,38,38,29,18,10,16,31,101,141,147,119,52,48,64,63,54,48,44,42,41,37,30,41,57,54,42,34,48,51,60,153,189,191,159,72,38,24,14,18,20,17,19,13,8,9,14,9,8,5,12,16,21,15,88,121,120,84,29,15,7,13,6,0,3,19,19,24,33,28,13,18,25,29,26,20,19,83,112,109,70,8,9,6,0,0,0,0,2,0,0,0,0,0,0,0,0,0,0,1,38,64,60,29,0,0,0,0,0,0,6,12,12,1,0,0,0,0,0,17,23,20,47,111,134,125,79,18,6,2,1,4,5,0,0,6,5,0,0,0,0,0,0,0,0,9,63,83,70,23,0,0,0,0,1,13,18,10,1,0,0,0,0,0,0,0,0,1,22,66,81,65,16,0,0,0,0,0,0,0,0,0,0,0,0,0,0,0,0,0,3,15,46,58,40,0,0,0,0,0,0,0,0,0,0,0,0,0,0,0,0,0,0,0,14,59,69,48,8,0,0,0,0,0,0,0,0,0,0,0,0,0,0,0,0,0,0,0,22,37,23,0,0,0,0,0,0,0,0,0,0,0,0,0,0,0,0,0,0,0,23,59,64,39,0,0,0,0,0,0,0,0,0,0,0,0,0,0,0,0,0,0,0,8,42,45,18,0,0,0,0,0,0,2,0,0,0,0,0,0,0,0,0,0,0,0,5,32,33,5,0,0,0,0,0,0,0,0,0,0,0,0,0,0,0,0,0,0,0,44,73,70,35,0,0,0,6,11,5,0,0,0,0,0,0,0,0,0,0,0,0,6,53,78,73,37,0,0,0,0,0,0,0,0,0,0,0,0,0,0,0,0,0,0,0,30,51,43,12,0,0,0,0,0,0,0,0,0,0,0,0,0,0,0,0,0,0,0,28,44,35,5,0,0,0,0,0,0,0,0,0,0,0,0,0,0,0,0,0,0,0,0,14,1,0,0,0,0,0,0,0,0,0,0,0,0,0,0,0,0,0,0,0,0,15,29,14,0,0,0,0,0,0,0,0,0,0,0,0,0,0,0,0,0,0,0,8,45,57,39,0,0,0,0,0,0,0,0,0,0,0,0,0,0,0,0,0,0,0,9,48,57,36,0,0,0,0,0,0,0,0,0,0,0,0,0,0,0,0,0,0,0,16,48,54,33,0,0,0,0,0,0,0,0,0,0,0,0,0,0,0,0,0,0,0,30,65,69,42,0,0,0,0,0,0,0,0,0,0,0,0,0,0,0,0,0,0,0,0,1,2,0,0,0,0,0,0,0,0,0,0,0,0,0,0,0,0,0,0,0,0,10,37,36,13,0,0,0,0,0,0,0,0,0,0,0,0,0,0,0,0,0,0,0,1,28,28,6,0,0,0,0,0,0,0,0,0,0,0,0,0,0,0,0,0,0,0,0,0,0,0,0,0,0,0,0,0,0,0,0,0,0,0,0,0,0,0,0,0,0,1,13,11,0,0,0,0,0,0,0,0,0,0,0,0,0,0,0,0,0,0,0,0,12,29,23,0,0,0,0,0,0,0,0,0,0,0,0,0,0,0,0,0,0,0,0,25,33,19,0,0,0,0,0,0,0,0,0,0,0,0,0,0,0,0,0,0,0,0,0,0,0,0,0,0,0,0,0,0,0,0,0,0,0,0,0,0,0,0,0,0,0,0,0,0,0,0,0,0,0,0,0,0,0,0,0,0,0,0,0,0,0,0,0,0,0,0,0,0,0,0,0,0,0,0,0,0,0,0,0,0,0,0,0,0,0,0,0,0,0,0,0,0,0,0,0,0,0,0,0,0,0,0,0,0,0,0,0,0,0,0,0,0,0,0,0,0,0,0,0,0,0,0,0,0,0,0,0,0,0,0,0,0,0,0,0,0,0,0,0,0,0,0,0,0,0,0,0,0,0,0,0,0,0,0,0,0,0,0,0,0,0,0,0,0,0,0,0,0,0,0,0,0,0,0,0,0,0,0,0,0,0,0,0,0,0,0,0,0,0,0,0,0,0,0,0,0,0,0,0,0,0,0,0,0,0,0,0,0,0,0,0,0,0,0,0,0,0,0,0,0,0,0,0,0,0,0,0,0,0,0,0,0,0,0,0,0,0,0,0,0,0
0.484634
45,53,47,25,0,0,0,11,25,18,11,17,24,26,30,30,29,27,26,28,42,180,234,247,228,165,54,42,32,30,20,13,16,22,21,24,31,55,60,51,47,41,28,27,111,160,170,148,80,57,60,54,50,35,35,38,24,20,26,30,29,32,25,24,52,61,75,163,208,216,191,120,73,68,62,46,37,30,31,28,28,29,28,37,36,28,18,6,16,33,100,142,147,119,50,49,60,59,49,43,44,37,41,37,28,41,54,50,40,41,52,53,58,152,190,192,160,75,37,27,12,18,16,19,17,13,14,20,22,14,8,3,14,20,27,19,86,120,119,84,29,17,5,11,10,0,0,14,14,20,31,28,17,18,20,26,30,27,22,79,110,107,69,7,10,6,0,0,0,0,0,0,0,0,0,0,0,0,0,1,6,11,41,65,61,27,0,0,0,0,0,0,1,11,10,0,0,0,0,0,0,13,22,20,41,109,134,125,80,14,4,0,7,12,5,0,0,3,5,0,0,0,0,0,0,0,0,7,61,81,69,22,0,0,0,0,0,12,16,7,2,0,0,0,0,0,0,0,0,0,18,63,80,65,15,0,0,0,0,3,0,0,0,0,0,0,0,0,0,0,0,0,0,10,42,55,36,0,0,0,0,0,0,0,0,0,0,0,0,0,0,0,0,0,0,0,15,58,70,50,8,0,0,0,0,0,0,0,0,0,0,0,0,0,0,0,0,0,0,0,24,36,20,0,0,0,0,0,0,0,0,0,0,0,0,0,0,0,0,0,0,0,19,57,64,41,1,0,0,0,0,0,0,0,0,0,0,0,0,0,0,0,0,0,0,4,41,46,21,0,0,0,0,0,0,0,0,0,0,0,0,0,0,0,0,0,0,0,4,33,37,13,0,0,0,0,0,0,0,0,0,0,0,0,0,0,0,0,0,0,0,39,71,70,38,0,0,0,9,14,4,0,0,0,0,0,0,0,0,0,0,0,0,0,49,76,72,37,0,0,0,0,0,0,0,0,0,0,0,0,0,0,0,0,0,0,0,30,53,48,16,0,0,0,0,0,0,0,0,0,0,0,0,0,0,0,0,0,0,0,23,44,37,6,0,0,0,0,0,0,0,0,0,0,0,0,0,0,0,0,0,0,0,0,18,10,0,0,0,0,0,0,0,0,0,0,0,0,0,0,0,0,0,0,0,0,13,30,17,0,0,0,0,0,0,0,0,0,0,0,0,0,0,0,0,0,0,0,5,44,58,42,0,0,0,0,0,0,0,0,0,0,0,0,0,0,0,0,0,0,0,9,48,58,39,0,0,0,0,0,0,0,0,0,0,0,0,0,0,0,0,0,0,0,15,48,56,36,0,0,0,0,0,0,0,0,0,0,0,0,0,0,0,0,0,0,0,28,65,72,49,4,0,0,0,0,0,0,0,0,0,0,0,0,0,0,0,0,0,0,0,0,0,0,0,0,0,0,0,0,0,0,0,0,0,0,0,0,0,0,0,0,0,8,35,36,11,0,0,0,0,0,0,0,0,0,0,0,0,0,0,0,0,0,0,0,4,31,32,11,0,0,0,0,0,0,0,0,0,0,0,0,0,0,0,0,0,0,0,0,0,0,0,0,0,0,0,0,0,0,0,0,0,0,0,0,0,0,0,0,0,0,4,16,14,0,0,0,0,0,0,0,0,0,0,0,0,0,0,0,0,0,0,0,0,11,30,25,0,0,0,0,0,0,0,0,0,0,0,0,0,0,0,0,0,0,0,0,21,32,23,0,0,0,0,0,0,0,0,0,0,0,0,0,0,0,0,0,0,0,0,0,0,0,0,0,0,0,0,0,0,0,0,0,0,0,0,0,0,0,0,0,0,0,0,0,0,0,0,0,0,0,0,0,0,0,0,0,0,0,0,0,0,0,0,0,0,0,0,0,0,0,0,0,0,0,0,0,0,0,0,0,0,0,0,0,0,0,0,0,0,0,0,0,0,0,0,0,0,0,0,0,0,0,0,0,0,0,0,0,0,0,0,0,0,0,0,0,0,0,0,0,0,0,0,0,0,0,0,0,0,0,0,0,0,0,0,0,0,0,0,0,0,0,0,0,0,0,0,0,0,0,0,0,0,0,0,0,0,0,0,0,0,0,0,0,0,0,0,0,0,0,0,0,0,0,0,0,0,0,0,0,0,0,0,0,0,0,0,0,0,0,0,0,0,0,0,0,0,0,0,0,0,0,0,0,0,0,0,0,0,0,0,0,0,0,0,0,0,0,0,0,0,0,0,0,0,0,0,0,0,0,0,0,0,0,0,0,0,0,0,0,0,0
0.502046
44,51,45,23,0,0,0,12,25,21,10,13,19,24,31,31,28,22,25,28,43,180,234,247,228,165,50,37,32,27,17,11,11,18,20,25,36,58,63,55,51,43,28,24,111,160,170,148,80,56,57,51,50,36,36,39,21,24,26,29,29,33,22,26,50,59,72,162,208,216,191,120,78,73,65,52,44,34,32,30,30,28,22,34,36,27,16,13,21,34,101,142,148,119,49,50,59,57,46,41,45,39,34,36,30,42,52,49,40,38,53,53,58,152,190,192,161,76,35,28,14,12,14,23,22,16,19,30,32,23,15,4,14,22,31,26,86,120,119,83,27,18,11,16,13,4,2,14,15,19,30,29,22,19,17,23,29,24,16,77,108,105,67,5,6,8,1,2,0,0,0,0,0,0,0,0,0,0,2,7,6,9,42,66,60,24,0,0,0,0,0,0,4,13,10,3,2,0,0,0,0,13,20,20,36,108,133,125,80,10,4,0,10,16,11,0,0,6,10,4,0,0,0,0,0,0,0,4,59,80,69,26,0,0,0,0,0,12,15,8,5,0,0,0,0,0,0,0,0,0,17,62,79,66,20,0,0,0,0,2,0,0,0,0,0,0,0,0,0,0,0,0,0,8,39,53,37,0,0,0,0,0,0,0,0,0,0,0,0,0,0,0,0,0,0,0,14,59,71,52,12,0,0,0,0,0,0,0,0,0,0,0,0,0,0,0,0,0,0,1,26,37,22,0,0,0,0,0,0,0,0,0,0,0,0,0,0,0,0,0,0,0,15,54,62,39,2,0,0,0,0,0,0,0,0,0,0,0,0,0,0,0,0,0,0,0,41,47,22,0,0,0,0,0,0,5,4,0,0,0,0,0,0,0,0,0,0,0,0,32,36,9,0,0,0,0,0,0,0,0,0,0,0,0,0,0,0,0,0,0,0,39,71,70,39,0,0,0,2,12,0,2,0,0,0,0,0,0,0,0,0,0,0,0,46,74,71,35,0,0,0,0,0,0,0,0,0,0,0,0,0,0,0,0,0,0,0,30,55,50,18,0,0,0,0,0,0,0,0,0,0,0,0,0,0,0,0,0,0,1,26,45,38,5,0,0,0,0,0,0,0,0,0,0,0,0,0,0,0,0,0,0,0,0,19,11,0,0,0,0,0,0,0,0,0,0,0,0,0,0,0,0,0,0,0,0,14,31,18,0,0,0,0,0,0,0,0,0,0,0,0,0,0,0,0,0,0,0,2,42,58,44,0,0,0,0,0,0,0,0,0,0,0,0,0,0,0,0,0,0,0,4,47,60,42,0,0,0,0,0,0,0,0,0,0,0,0,0,0,0,0,0,0,0,13,47,57,39,0,0,0,0,0,0,0,0,0,0,0,0,0,0,0,0,0,0,0,29,66,73,50,4,0,0,0,0,0,0,0,0,0,0,0,0,0,0,0,0,0,0,0,0,0,0,0,0,0,0,0,0,0,0,0,0,0,0,0,0,0,0,0,0,0,4,34,36,12,0,0,0,0,0,0,0,0,0,0,0,0,0,0,0,0,0,0,0,6,34,36,13,0,0,0,0,0,0,0,0,0,0,0,0,0,0,0,0,0,0,0,0,0,0,0,0,0,0,0,0,0,0,0,0,0,0,0,0,0,0,0,0,0,0,4,18,15,0,0,0,0,0,0,0,0,0,0,0,0,0,0,0,0,0,0,0,0,13,31,25,0,0,0,0,0,0,0,0,0,0,0,0,0,0,0,0,0,0,0,0,21,33,23,0,0,0,0,0,0,0,0,0,0,0,0,0,0,0,0,0,0,0,0,0,0,0,0,0,0,0,0,0,0,0,0,0,0,0,0,0,0,0,0,0,0,0,0,0,0,0,0,0,0,0,0,0,0,0,0,0,0,0,0,0,0,0,0,0,0,0,0,0,0,0,0,0,0,0,0,0,0,0,0,0,0,0,0,0,0,0,0,0,0,0,0,0,0,0,0,0,0,0,0,0,0,0,0,0,0,0,0,0,0,0,0,0,0,0,0,0,0,0,0,0,0,0,0,0,0,0,0,0,0,0,0,0,0,0,0,0,0,0,0,0,0,0,0,0,0,0,0,0,0,0,0,0,0,0,0,0,0,0,0,0,0,0,0,0,0,0,0,0,0,0,0,0,0,0,0,0,0,0,0,0,0,0,0,0,0,0,0,0,0,0,0,0,0,0,0,0,0,0,0,0,0,0,0,0,0,0,0,0,0,0,0,0,0,0,0,0,0,0,0,0,0,0,0,0,0,0,0,0,0,0,0,0,0,0,0,0,0,0,0,0,0,0
0.519458
43,49,43,24,0,0,0,13,26,20,6,10,15,22,29,30,28,23,25,28,41,180,234,247,228,165,48,34,34,27,14,6,9,18,20,24,34,56,60,51,46,38,25,18,111,160,170,148,80,53,57,52,47,32,39,45,31,23,24,26,27,33,23,30,50,61,71,163,208,216,191,119,75,73,65,54,45,33,31,26,31,28,21,34,35,25,16,11,14,30,101,143,148,120,46,46,56,53,42,38,42,40,34,29,27,43,54,49,38,38,51,47,59,152,190,193,161,77,34,34,22,15,8,22,23,14,16,28,33,28,21,7,10,17,25,23,85,119,118,83,21,17,12,11,10,6,3,9,14,17,29,28,26,22,18,25,29,25,23,76,107,104,66,0,6,9,0,0,0,0,0,0,0,0,0,0,0,0,0,1,1,6,41,67,62,23,0,0,0,0,0,0,1,13,7,0,0,0,0,0,0,11,20,17,38,108,133,124,79,4,0,0,4,10,5,0,0,0,7,2,0,0,0,0,0,0,0,1,56,78,67,20,0,0,0,0,0,7,11,4,1,0,0,0,0,0,0,0,0,5,20,61,79,65,18,0,0,0,0,0,0,0,0,0,0,0,0,0,0,0,0,0,0,10,38,51,33,0,0,0,0,0,0,0,0,0,0,0,0,0,0,0,0,0,0,1,13,58,72,53,9,0,0,0,0,0,0,0,0,0,0,0,0,0,0,0,0,0,0,0,26,36,18,0,0,0,0,0,0,0,0,0,0,0,0,0,0,0,0,0,0,0,13,53,61,39,3,0,0,0,0,0,0,0,0,0,0,0,0,0,0,0,0,0,0,0,42,48,26,0,0,0,0,0,0,2,1,0,0,0,0,0,0,0,0,0,0,0,0,33,36,9,0,0,0,0,0,0,0,0,0,0,0,0,0,0,0,0,0,0,0,39,71,70,37,2,0,0,0,13,10,13,5,0,0,0,0,0,0,0,0,0,0,0,46,74,70,32,0,0,0,0,0,0,0,0,0,0,0,0,0,0,0,0,0,0,0,28,53,48,14,0,0,0,0,0,0,0,0,0,0,0,0,0,0,0,0,0,0,0,27,48,40,4,0,0,0,0,0,0,0,0,0,0,0,0,0,0,0,0,0,0,0,3,19,11,0,0,0,0,0,0,0,0,0,0,0,0,0,0,0,0,0,0,0,0,11,31,19,0,0,0,0,0,0,0,0,0,0,0,0,0,0,0,0,0,0,0,3,44,60,45,5,0,0,0,0,0,0,0,0,0,0,0,0,0,0,0,0,0,0,5,48,61,42,0,0,0,0,0,0,0,0,0,0,0,0,0,0,0,0,0,0,0,17,49,58,37,0,0,0,0,0,0,0,0,0,0,0,0,0,0,0,0,0,0,0,28,65,73,49,0,0,0,0,0,0,0,0,0,0,0,0,0,0,0,0,0,0,0,0,0,0,0,0,0,0,0,0,0,0,0,0,0,0,0,0,0,0,0,0,0,0,1,33,36,13,0,0,0,0,0,0,0,0,0,0,0,0,0,0,0,0,0,0,0,1,32,35,9,0,0,0,0,0,0,0,0,0,0,0,0,0,0,0,0,0,0,0,0,0,0,0,0,0,0,0,0,0,0,0,0,0,0,0,0,0,0,0,0,0,0,0,18,14,0,0,0,0,0,0,0,0,0,0,0,0,0,0,0,0,0,0,0,0,15,32,24,0,0,0,0,0,0,0,0,0,0,0,0,0,0,0,0,0,0,0,0,22,35,23,0,0,0,0,0,0,0,0,0,0,0,0,0,0,0,0,0,0,0,0,0,0,0,0,0,0,0,0,0,0,0,0,0,0,0,0,0,0,0,0,0,0,0,0,0,0,0,0,0,0,0,0,0,0,0,0,0,0,0,0,0,0,0,0,0,0,0,0,0,0,0,0,0,0,0,0,0,0,0,0,0,0,0,0,0,0,0,0,0,0,0,0,0,0,0,0,0,0,0,0,0,0,0,0,0,0,0,0,0,0,0,0,0,0,0,0,0,0,0,0,0,0,0,0,0,0,0,0,0,0,0,0,0,0,0,0,0,0,0,0,0,0,0,0,0,0,0,0,0,0,0,0,0,0,0,0,0,0,0,0,0,0,0,0,0,0,0,0,0,0,0,0,0,0,0,0,0,0,0,0,0,0,0,0,0,0,0,0,0,0,0,0,0,0,0,0,0,0,0,0,0,0,0,0,0,0,0,0,0,0,0,0,0,0,0,0,0,0,0,0,0,0,0,0,0,0,0,0,0,0,0,0,0,0,0,0,0,0,0,0,0,0,0
0.53687
42,47,40,22,0,0,0,10,21,14,6,10,9,17,24,26,25,21,26,29,44,180,234,247,228,165,49,36,28,26,18,4,5,14,17,20,32,55,58,46,43,35,23,13,111,160,170,148,80,53,59,52,44,29,40,43,27,24,24,24,21,33,28,28,46,61,74,162,208,216,191,119,69,73,63,50,44,30,26,24,31,28,23,36,37,29,14,12,16,26,101,143,148,120,46,40,50,52,47,43,39,36,32,30,27,41,51,43,39,38,47,46,60,153,190,193,161,78,36,32,21,21,14,18,21,14,14,24,29,24,18,5,10,16,26,25,85,119,118,83,18,15,10,7,7,4,8,13,18,18,26,23,28,24,14,25,28,23,18,74,106,103,66,4,10,10,0,1,0,0,0,0,0,0,0,0,0,0,0,0,0,7,47,72,66,27,0,0,0,0,0,0,5,15,8,0,0,0,0,0,0,15,21,14,37,108,132,124,78,6,0,0,0,4,0,0,0,0,4,0,0,0,0,0,0,0,0,7,57,78,67,21,0,0,0,0,0,4,13,10,4,0,0,0,0,0,0,0,0,3,20,58,77,63,15,0,0,0,0,0,0,0,0,0,0,0,0,0,0,0,0,0,0,5,38,52,36,0,0,0,0,0,0,0,0,0,0,0,0,0,0,0,0,0,0,0,15,60,72,53,3,1,1,0,0,0,0,0,0,0,0,0,0,0,0,0,0,0,0,0,22,31,14,0,0,0,0,0,0,0,0,0,0,0,0,0,0,0,0,0,0,0,11,52,60,38,0,0,0,0,0,0,0,0,0,0,0,0,0,0,0,0,0,0,0,4,44,49,24,0,0,0,0,0,0,0,0,0,0,0,0,0,0,0,0,0,0,0,0,31,33,4,0,0,0,0,0,0,0,0,0,0,0,0,0,0,0,0,0,0,0,39,71,70,36,0,0,0,0,9,6,9,0,0,0,0,0,0,0,0,0,0,0,0,47,75,70,31,0,0,0,0,0,0,0,0,0,0,0,0,0,0,0,0,0,0,0,32,55,49,16,0,0,0,0,0,0,0,0,0,0,0,0,0,0,0,0,0,0,0,30,50,41,1,0,0,0,0,0,0,0,0,0,0,0,0,0,0,0,0,0,0,0,2,20,9,0,0,0,0,0,0,0,0,0,0,0,0,0,0,0,0,0,0,0,0,16,32,19,0,0,0,0,0,0,0,0,0,0,0,0,0,0,0,0,0,0,0,5,46,60,45,4,0,0,0,0,0,0,0,0,0,0,0,0,0,0,0,0,0,0,7,50,61,42,0,0,0,0,0,0,0,0,0,0,0,0,0,0,0,0,0,0,0,14,50,58,36,0,0,0,0,0,0,0,0,0,0,0,0,0,0,0,0,0,0,0,28,66,73,49,0,0,0,0,0,0,0,0,0,0,0,0,0,0,0,0,0,0,0,0,0,0,0,0,0,0,0,0,0,0,0,0,0,0,0,0,0,0,0,0,0,0,7,36,38,12,0,0,0,0,0,0,0,0,0,0,0,0,0,0,0,0,0,0,0,1,31,33,8,0,0,0,0,0,0,0,0,0,0,0,0,0,0,0,0,0,0,0,0,0,0,0,0,0,0,0,0,0,0,0,0,0,0,0,0,0,0,0,0,0,0,2,19,15,0,0,0,0,0,0,0,0,0,0,0,0,0,0,0,0,0,0,0,0,14,32,23,0,0,0,0,0,0,0,0,0,0,0,0,0,0,0,0,0,0,0,0,23,34,21,0,0,0,0,0,0,0,0,0,0,0,0,0,0,0,0,0,0,0,0,0,0,0,0,0,0,0,0,0,0,0,0,0,0,0,0,0,0,0,0,0,0,0,0,0,0,0,0,0,0,0,0,0,0,0,0,0,0,0,0,0,0,0,0,0,0,0,0,0,0,0,0,0,0,0,0,0,0,0,0,0,0,0,0,0,0,0,0,0,0,0,0,0,0,0,0,0,0,0,0,0,0,0,0,0,0,0,0,0,0,0,0,0,0,0,0,0,0,0,0,0,0,0,0,0,0,0,0,0,0,0,0,0,0,0,0,0,0,0,0,0,0,0,0,0,0,0,0,0,0,0,0,0,0,0,0,0,0,0,0,0,0,0,0,0,0,0,0,0,0,0,0,0,0,0,0,0,0,0,0,0,0,0,0,0,0,0,0,0,0,0,0,0,0,0,0,0,0,0,0,0,0,0,0,0,0,0,0,0,0,0,0,0,0,0,0,0,0,0,0,0,0,0,0,0,0,0,0,0,0,0,0,0,0,0,0,0,0,0,0,0,0,0
0.55138
38,43,34,18,0,0,3,10,17,11,10,15,16,22,27,28,30,24,29,27,42,180,234,247,228,165,44,34,23,27,24,11,6,13,18,28,37,56,61,50,39,32,20,10,112,160,171,148,82,48,55,46,40,28,40,41,23,18,18,19,22,34,26,30,48,56,73,163,208,216,190,118,71,70,65,54,44,29,28,26,29,23,18,35,38,35,23,12,14,23,101,143,148,119,40,39,48,51,47,43,42,38,33,29,23,38,51,46,42,38,44,42,61,153,190,193,161,75,31,29,22,23,8,15,19,12,12,18,25,24,20,10,15,18,23,27,85,118,118,82,16,15,11,13,12,3,3,6,12,15,23,24,29,23,9,23,26,24,26,76,105,102,63,4,6,6,5,10,0,0,0,0,0,0,0,0,0,0,0,0,0,6,53,78,70,27,0,0,0,0,0,0,2,11,4,0,0,0,0,0,0,13,20,16,42,108,132,123,77,10,0,0,0,0,0,0,0,0,3,0,0,0,0,0,0,0,0,4,54,76,64,17,0,0,0,0,0,4,8,9,7,0,0,0,0,0,0,0,0,3,19,59,76,62,11,0,0,0,0,0,0,0,0,0,0,0,0,0,0,0,0,0,0,5,39,52,35,0,0,0,0,0,0,0,0,0,0,0,0,0,0,0,0,0,0,0,12,58,71,51,0,0,5,6,0,0,0,0,0,0,0,0,0,0,0,0,0,0,0,0,18,26,11,0,0,0,0,0,0,0,0,0,0,0,0,0,0,0,0,0,0,0,12,51,58,34,0,0,0,0,0,0,0,0,0,0,0,0,0,0,0,0,0,0,0,1,43,48,21,0,0,0,0,0,0,0,0,0,0,0,0,0,0,0,0,0,0,0,0,30,32,2,0,0,0,0,0,0,0,0,0,0,0,0,0,0,0,0,0,0,0,41,72,71,37,0,0,0,0,11,9,9,0,0,0,0,0,0,0,0,0,0,0,5,49,76,71,35,0,0,0,0,0,0,0,0,0,0,0,0,0,0,0,0,0,0,0,33,56,51,18,0,0,0,0,0,0,0,0,0,0,0,0,0,0,0,0,0,0,0,27,50,43,5,0,0,0,0,0,0,0,0,0,0,0,0,0,0,0,0,0,0,0,2,22,15,0,0,0,0,0,0,0,0,0,0,0,0,0,0,0,0,0,0,0,0,20,34,18,0,0,0,0,0,0,0,0,0,0,0,0,0,0,0,0,0,0,0,3,46,60,43,2,0,0,0,0,0,0,0,0,0,0,0,0,0,0,0,0,0,0,5,50,61,41,0,0,0,0,0,0,0,0,0,0,0,0,0,0,0,0,0,0,0,16,49,57,34,0,0,0,0,0,0,0,0,0,0,0,0,0,0,0,0,0,0,0,26,65,72,47,0,0,0,0,0,0,0,0,0,0,0,0,0,0,0,0,0,0,0,0,0,0,0,0,0,0,0,0,0,0,0,0,0,0,0,0,0,0,0,0,0,0,6,36,38,11,0,0,0,0,0,0,0,0,0,0,0,0,0,0,0,0,0,0,0,0,28,28,4,0,0,0,0,0,0,0,0,0,0,0,0,0,0,0,0,0,0,0,0,0,0,0,0,0,0,0,0,0,0,0,0,0,0,0,0,0,0,0,0,0,0,0,18,13,0,0,0,0,0,0,0,0,0,0,0,0,0,0,0,0,0,0,0,0,12,33,24,0,0,0,0,0,0,0,0,0,0,0,0,0,0,0,0,0,0,0,0,17,30,18,0,0,0,0,0,0,0,0,0,0,0,0,0,0,0,0,0,0,0,0,0,0,0,0,0,0,0,0,0,0,0,0,0,0,0,0,0,0,0,0,0,0,0,0,0,0,0,0,0,0,0,0,0,0,0,0,0,0,0,0,0,0,0,0,0,0,0,0,0,0,0,0,0,0,0,0,0,0,0,0,0,0,0,0,0,0,0,0,0,0,0,0,0,0,0,0,0,0,0,0,0,0,0,0,0,0,0,0,0,0,0,0,0,0,0,0,0,0,0,0,0,0,0,0,0,0,0,0,0,0,0,0,0,0,0,0,0,0,0,0,0,0,0,0,0,0,0,0,0,0,0,0,0,0,0,0,0,0,0,0,0,0,0,0,0,0,0,0,0,0,0,0,0,0,0,0,0,0,0,0,0,0,0,0,0,0,0,0,0,0,0,0,0,0,0,0,0,0,0,0,0,0,0,0,0,0,0,0,0,0,0,0,0,0,0,0,0,0,0,0,0,0,0,0,0,0,0,0,0,0,0,0,0,0,0,0,0,0,0,0,0,0,0
0.56589
32,40,34,18,0,0,3,5,14,12,12,11,14,19,22,25,28,20,26,23,40,180,234,247,228,165,43,32,22,25,25,19,11,15,19,33,42,54,62,51,38,28,18,4,111,160,171,148,81,47,53,45,38,22,36,39,23,19,19,15,20,28,28,34,43,55,70,162,207,216,191,118,64,66,63,52,43,29,26,28,32,27,22,33,35,30,23,13,15,27,101,143,149,120,42,35,45,49,42,39,41,39,30,27,26,39,47,46,39,35,39,36,58,153,190,192,160,74,27,31,24,22,5,12,14,6,11,17,21,20,19,9,13,14,22,29,84,118,118,83,16,12,5,11,14,5,7,10,11,13,21,25,27,19,9,22,23,21,24,73,104,101,64,2,9,9,6,8,0,0,0,0,0,0,0,0,0,0,0,0,0,7,56,81,75,36,1,0,0,0,0,0,5,12,4,0,0,0,0,0,0,9,15,14,41,107,131,123,78,6,0,0,0,0,0,0,0,0,0,0,0,0,0,0,0,0,0,2,51,73,62,17,0,0,0,0,0,3,3,3,2,0,0,0,0,0,0,0,3,8,16,58,75,60,7,0,0,0,0,0,0,0,0,0,0,0,0,0,0,0,0,0,0,2,36,49,31,0,0,0,0,0,0,0,0,0,0,0,0,0,0,0,0,0,0,0,12,57,70,50,0,0,0,0,0,0,0,0,0,0,0,0,0,0,0,0,0,0,0,0,15,25,13,0,0,0,0,0,0,0,0,0,0,0,0,0,0,0,0,0,0,0,10,50,58,35,0,0,0,0,0,0,0,0,0,0,0,0,0,0,0,0,0,0,0,4,43,48,20,0,0,0,0,0,0,0,0,0,0,0,0,0,0,0,0,0,0,0,0,30,33,4,0,0,0,0,0,0,0,0,0,0,0,0,0,0,0,0,0,0,0,38,71,70,37,0,0,0,0,8,4,6,0,0,0,0,0,0,0,0,0,0,0,2,47,75,72,35,0,0,0,0,0,0,0,0,0,0,0,0,0,0,0,0,0,0,0,30,55,50,16,0,0,0,0,0,0,0,0,0,0,0,0,0,0,0,0,0,0,0,28,52,45,4,0,0,0,0,0,0,0,0,0,0,0,0,0,0,0,0,0,0,0,2,22,15,0,0,0,0,0,0,0,0,0,0,0,0,0,0,0,0,0,0,0,0,19,36,22,0,0,0,0,0,0,0,0,0,0,0,0,0,0,0,0,0,0,0,3,45,60,43,2,0,0,0,0,0,0,0,0,0,0,0,0,0,0,0,0,0,0,4,48,60,40,0,0,0,0,0,0,0,0,0,0,0,0,0,0,0,0,0,0,0,13,48,57,35,0,0,0,0,0,0,0,0,0,0,0,0,0,0,0,0,0,0,0,26,64,71,46,0,0,0,0,0,0,0,0,0,0,0,0,0,0,0,0,0,0,0,0,2,4,0,0,0,0,0,0,0,0,0,0,0,0,0,0,0,0,0,0,0,0,5,36,38,9,0,0,0,0,0,0,0,0,0,0,0,0,0,0,0,0,0,0,0,0,27,26,0,0,0,0,0,0,0,0,0,0,0,0,0,0,0,0,0,0,0,0,0,0,0,0,0,0,0,0,0,0,0,0,0,0,0,0,0,0,0,0,0,0,0,0,18,14,0,0,0,0,0,0,0,0,0,0,0,0,0,0,0,0,0,0,0,0,12,33,26,0,0,0,0,0,0,0,0,0,0,0,0,0,0,0,0,0,0,0,0,16,29,17,0,0,0,0,0,0,0,0,0,0,0,0,0,0,0,0,0,0,0,0,0,0,0,0,0,0,0,0,0,0,0,0,0,0,0,0,0,0,0,0,0,0,0,0,0,0,0,0,0,0,0,0,0,0,0,0,0,0,0,0,0,0,0,0,0,0,0,0,0,0,0,0,0,0,0,0,0,0,0,0,0,0,0,0,0,0,0,0,0,0,0,0,0,0,0,0,0,0,0,0,0,0,0,0,0,0,0,0,0,0,0,0,0,0,0,0,0,0,0,0,0,0,0,0,0,0,0,0,0,0,0,0,0,0,0,0,0,0,0,0,0,0,0,0,0,0,0,0,0,0,0,0,0,0,0,0,0,0,0,1,0,0,0,0,0,0,0,0,0,0,0,0,0,0,0,0,0,0,0,0,0,0,0,0,0,0,0,0,0,0,0,0,0,0,0,0,0,0,0,0,0,0,0,0,0,0,0,0,0,0,0,0,0,0,0,0,0,0,0,0,0,0,0,0,0,0,0,0,0,0,0,0,0,0,0,0,0,0,0,0,0,0,0
0.583302
34,41,34,17,0,0,4,5,16,14,10,9,15,18,16,20,24,18,24,24,41,179,233,247,228,166,46,33,18,19,22,19,12,13,14,33,46,59,63,50,36,24,15,0,110,159,170,149,84,51,54,49,40,23,33,34,19,19,22,19,22,27,22,33,41,55,73,161,207,216,191,120,67,65,58,48,38,26,23,28,29,20,16,32,37,29,21,16,19,27,101,144,150,123,46,39,46,48,40,36,37,36,30,25,24,41,50,46,37,37,38,32,55,152,190,192,161,75,29,31,21,20,6,13,14,4,7,19,25,24,19,10,16,16,23,27,83,117,117,81,17,14,7,8,9,9,18,25,23,17,24,27,25,22,20,28,24,21,23,71,101,99,63,4,7,8,2,7,5,0,0,0,0,0,0,0,0,0,0,0,0,4,52,80,78,44,8,0,0,0,0,3,12,15,9,0,0,0,0,0,0,3,11,13,36,105,130,123,79,8,0,0,0,0,0,0,0,1,1,0,0,0,0,0,0,0,0,0,47,69,58,12,0,0,0,0,0,0,0,0,0,0,0,0,0,0,0,0,3,8,16,59,77,62,12,0,0,0,0,0,0,0,0,0,0,0,0,0,0,0,0,0,0,1,36,51,35,2,0,0,0,0,0,0,0,0,0,0,0,0,0,0,0,0,0,0,10,56,70,53,5,0,0,0,0,0,0,0,0,0,0,0,0,0,0,0,0,0,0,0,9,23,16,0,0,0,0,0,0,0,0,0,0,0,0,0,0,0,0,0,0,0,5,48,58,36,0,0,0,0,0,0,0,0,0,0,0,0,0,0,0,0,0,0,0,2,43,49,23,0,0,0,0,0,0,0,0,0,0,0,0,0,0,0,0,0,0,0,0,32,38,13,0,0,0,0,0,0,0,0,0,0,0,0,0,0,0,0,0,0,0,35,69,69,37,0,0,0,0,5,4,7,0,0,0,0,0,0,0,0,0,0,0,0,44,73,71,40,6,0,0,0,0,0,0,0,0,0,0,0,0,0,0,0,0,0,0,27,53,49,14,0,0,0,0,0,0,0,0,0,0,0,0,0,0,0,0,0,0,0,24,52,49,13,0,0,0,0,0,0,0,0,0,0,0,0,0,0,0,0,0,0,0,0,17,12,0,0,0,0,0,0,0,0,0,0,0,0,0,0,0,0,0,0,0,0,16,36,26,0,0,0,0,0,0,0,0,0,0,0,0,0,0,0,0,0,0,0,1,41,58,44,3,0,0,0,0,0,0,0,0,0,0,0,0,0,0,0,0,0,0,3,46,59,43,0,0,0,0,0,0,0,0,0,0,0,0,0,0,0,0,0,0,0,13,46,56,37,0,0,0,0,0,0,0,0,0,0,0,0,0,0,0,0,0,0,0,21,59,68,48,4,0,0,0,0,0,0,0,0,0,0,0,0,0,0,0,0,0,0,0,0,3,0,0,0,0,0,0,0,0,0,0,0,0,0,0,0,0,0,0,0,0,4,33,38,14,0,0,0,0,0,0,0,0,0,0,0,0,0,0,0,0,0,0,0,0,25,29,9,0,0,0,0,0,0,0,0,0,0,0,0,0,0,0,0,0,0,0,0,0,0,0,0,0,0,0,0,0,0,0,0,0,0,0,0,0,0,0,0,0,0,0,18,17,0,0,0,0,0,0,0,0,0,0,0,0,0,0,0,0,0,0,0,0,8,31,29,1,0,0,0,0,0,0,0,0,0,0,0,0,0,0,0,0,0,0,0,9,25,19,0,0,0,0,0,0,0,0,0,0,0,0,0,0,0,0,0,0,0,0,0,0,0,0,0,0,0,0,0,0,0,0,0,0,0,0,0,0,0,0,0,0,0,0,0,0,0,0,0,0,0,0,0,0,0,0,0,0,0,0,0,0,0,0,0,0,0,0,0,0,0,0,0,0,0,0,0,0,0,0,0,0,0,0,0,0,0,0,0,0,0,0,0,0,0,0,0,0,0,0,0,0,0,0,0,0,0,0,0,0,0,0,0,0,0,0,0,0,0,0,0,0,0,0,0,0,0,0,0,0,0,0,0,0,0,0,0,0,0,0,0,0,0,0,0,0,0,0,0,0,0,0,0,0,0,0,0,0,0,0,0,0,0,0,0,0,0,0,0,0,0,0,0,0,0,0,0,0,0,0,0,0,0,0,0,0,0,0,0,0,0,0,0,0,0,0,0,0,0,0,0,0,0,0,0,0,0,0,0,0,0,0,0,0,0,0,0,0,0,0,0,0,0,0,0,0,0,0,0,0,0,0,0,0,0,0,0,0,0,0,0,0,0
0.600714
35,40,30,13,0,0,0,5,14,9,7,8,11,17,15,18,22,13,24,26,44,178,233,247,228,167,49,33,16,13,18,16,7,9,11,28,44,58,61,50,44,34,20,0,109,158,170,148,86,54,52,51,42,22,28,29,16,16,17,16,22,28,22,31,42,58,73,158,205,215,192,121,76,67,60,53,40,19,23,30,31,23,20,35,37,24,16,13,16,23,101,145,152,125,46,40,43,49,45,40,40,39,29,25,23,38,51,49,40,38,37,30,54,150,189,193,163,81,30,27,21,18,10,10,9,0,3,14,24,22,14,12,16,14,21,27,81,114,115,82,23,15,9,5,9,9,13,24,24,18,23,24,24,19,19,28,21,16,18,64,96,95,60,5,12,11,3,6,6,0,0,0,0,0,0,0,0,0,0,0,0,7,50,79,79,49,6,0,0,0,0,1,9,12,4,0,0,0,0,0,0,1,9,15,36,101,128,123,83,8,0,0,0,0,0,0,0,0,0,0,0,0,0,0,0,0,0,0,42,64,54,8,0,0,0,0,0,0,0,0,0,0,0,0,0,0,0,0,0,5,17,59,78,67,23,0,0,0,0,0,0,0,0,0,0,0,0,0,0,0,0,0,0,0,35,53,41,7,0,0,0,0,0,0,0,0,0,0,0,0,0,0,0,0,0,0,8,50,67,53,8,0,0,0,0,0,0,0,0,0,0,0,0,0,0,0,0,0,0,0,11,31,27,0,0,0,0,0,0,0,0,0,0,0,0,0,0,0,0,0,0,0,1,45,57,39,0,0,0,0,0,0,0,0,0,0,0,0,0,0,0,0,0,0,0,0,42,52,31,0,0,0,0,0,0,0,0,0,0,0,0,0,0,0,0,0,0,0,0,32,41,20,0,0,0,0,0,0,0,0,0,0,0,0,0,0,0,0,0,0,0,31,64,67,39,0,0,0,0,0,0,3,0,0,0,0,0,0,0,0,0,0,0,0,38,66,66,38,2,0,0,0,0,0,0,0,0,0,0,0,0,0,0,0,0,0,0,23,50,46,9,0,0,0,0,0,0,0,0,0,0,0,0,0,0,0,0,0,0,0,20,51,52,24,0,0,0,0,0,0,0,0,0,0,0,0,0,0,0,0,0,0,0,0,13,13,0,0,0,0,0,0,0,0,0,0,0,0,0,0,0,0,0,0,0,0,14,36,32,4,0,0,0,0,0,0,0,0,0,0,0,0,0,0,0,0,0,0,0,39,56,48,19,0,0,0,0,0,0,0,0,0,0,0,0,0,0,0,0,0,0,0,40,55,43,6,0,0,0,0,0,0,0,0,0,0,0,0,0,0,0,0,0,0,9,40,52,38,0,0,0,0,0,0,0,0,0,0,0,0,0,0,0,0,0,0,0,15,53,65,50,14,0,0,0,0,0,0,0,0,0,0,0,0,0,0,0,0,0,0,0,0,5,0,0,0,0,0,0,0,0,0,0,0,0,0,0,0,0,0,0,0,0,1,29,35,17,0,0,0,0,0,0,0,0,0,0,0,0,0,0,0,0,0,0,0,0,24,33,20,0,0,0,0,0,0,0,0,0,0,0,0,0,0,0,0,0,0,0,0,0,0,0,0,0,0,0,0,0,0,0,0,0,0,0,0,0,0,0,0,0,0,0,14,16,0,0,0,0,0,0,0,0,0,0,0,0,0,0,0,0,0,0,0,0,2,27,30,14,0,0,0,0,0,0,0,0,0,0,0,0,0,0,0,0,0,0,0,5,22,20,0,0,0,0,0,0,0,0,0,0,0,0,0,0,0,0,0,0,0,0,0,0,0,0,0,0,0,0,0,0,0,0,0,0,0,0,0,0,0,0,0,0,0,0,0,0,0,0,0,0,0,0,0,0,0,0,0,0,0,0,0,0,0,0,0,0,0,0,0,0,0,0,0,0,0,0,0,0,0,0,0,0,0,0,0,0,0,0,0,0,0,0,0,0,0,0,0,0,0,0,0,0,0,0,0,0,0,0,0,0,0,0,0,0,0,0,0,0,0,0,0,0,0,0,0,0,0,0,0,0,0,0,0,0,0,0,0,0,0,0,0,0,0,0,0,0,0,0,0,0,0,0,0,0,0,0,0,0,0,0,0,0,0,0,0,0,0,0,0,0,0,0,0,0,0,0,0,0,0,0,0,0,0,0,0,0,0,0,0,0,0,0,0,0,0,0,0,0,0,0,0,0,0,0,0,0,0,0,0,0,0,0,0,0,0,0,0,0,0,0,0,0,0,0,0,0,0,0,0,0,0,0,0,0,0,0,0,0,0,0,0,0,0
0.618126
46,48,37,19,0,0,0,4,15,13,7,4,4,14,13,12,20,13,23,22,39,176,231,246,228,169,49,33,10,9,15,16,5,4,11,28,42,52,59,47,41,32,21,0,106,156,168,148,88,62,58,50,36,17,26,29,16,15,21,20,21,27,23,26,40,55,69,154,203,214,193,128,74,65,63,57,44,21,22,27,26,19,18,30,36,26,13,11,15,21,100,145,153,128,50,49,50,49,50,44,38,34,25,21,20,38,47,44,37,33,33,32,53,147,187,192,164,91,35,27,20,21,14,10,5,0,3,14,23,20,9,9,12,10,15,21,76,110,111,78,18,16,13,9,9,8,11,20,20,14,19,22,21,15,18,26,16,12,13,59,90,91,60,17,11,7,0,7,7,0,0,0,0,0,0,0,0,0,0,0,0,8,45,76,80,54,8,6,3,0,0,0,7,10,3,0,0,0,0,0,0,0,7,11,30,96,125,122,86,14,0,0,0,0,0,0,0,0,0,0,0,0,0,0,0,0,0,0,37,59,50,6,0,0,0,0,0,0,0,0,0,0,0,0,0,0,0,0,0,4,13,56,77,68,27,0,0,0,0,0,0,0,0,0,0,0,0,0,0,0,0,0,0,0,33,50,41,8,0,0,0,0,0,0,0,0,0,0,0,0,0,0,0,0,0,0,6,45,62,56,27,7,0,0,0,0,0,0,0,0,0,0,0,0,0,0,0,0,0,0,14,43,43,18,0,0,0,0,0,0,0,0,0,0,0,0,0,0,0,0,0,0,0,40,54,38,0,0,0,0,0,0,0,0,0,0,0,0,0,0,0,0,0,0,0,0,40,53,40,4,0,0,0,0,0,0,0,0,0,0,0,0,0,0,0,0,0,0,0,27,41,29,3,0,0,0,0,0,0,0,0,0,0,0,0,0,0,0,0,0,0,24,58,62,42,7,0,0,0,0,0,0,0,0,0,0,0,0,0,0,0,0,0,0,33,61,62,40,8,0,0,0,0,0,0,0,0,0,0,0,0,0,0,0,0,0,0,18,44,44,18,0,0,0,0,0,0,0,0,0,0,0,0,0,0,0,0,0,0,0,15,48,53,35,2,0,0,0,0,0,0,0,0,0,0,0,0,0,0,0,0,0,0,0,11,8,3,0,0,0,0,0,0,0,0,0,0,0,0,0,0,0,0,0,0,0,8,32,32,13,0,0,0,0,0,0,0,0,0,0,0,0,0,0,0,0,0,0,0,32,50,45,24,1,0,0,0,0,0,0,0,0,0,0,0,0,0,0,0,0,0,0,33,49,40,9,0,0,0,0,0,0,0,0,0,0,0,0,0,0,0,0,0,0,6,35,47,38,12,0,0,0,0,0,0,0,0,0,0,0,0,0,0,0,0,0,0,11,48,59,49,23,0,0,0,0,0,0,0,0,0,0,0,0,0,0,0,0,0,0,0,0,2,0,0,0,0,0,0,0,0,0,0,0,0,0,0,0,0,0,0,0,0,0,22,29,16,0,0,0,0,0,0,0,0,0,0,0,0,0,0,0,0,0,0,0,0,19,28,20,2,0,0,0,0,0,0,0,0,0,0,0,0,0,0,0,0,0,0,0,0,0,0,0,0,0,0,0,0,0,0,0,0,0,0,0,0,0,0,0,0,0,0,8,10,0,0,0,0,0,0,0,0,0,0,0,0,0,0,0,0,0,0,0,0,0,22,26,14,0,0,0,0,0,0,0,0,0,0,0,0,0,0,0,0,0,0,0,0,17,13,0,0,0,0,0,0,0,0,0,0,0,0,0,0,0,0,0,0,0,0,0,0,0,0,0,0,0,0,0,0,0,0,0,0,0,0,0,0,0,0,0,0,0,0,0,0,0,0,0,0,0,0,0,0,0,0,0,0,0,0,0,0,0,0,0,0,0,0,0,0,0,0,0,0,0,0,0,0,0,0,0,0,0,0,0,0,0,0,0,0,0,0,0,0,0,0,0,0,0,0,0,0,0,0,0,0,0,0,0,0,0,0,0,0,0,0,0,0,0,0,0,0,0,0,0,0,0,0,0,0,0,0,0,0,0,0,0,0,0,0,0,0,0,0,0,0,0,0,0,0,0,0,0,0,0,0,0,0,0,0,0,0,0,0,0,0,0,0,0,0,0,0,0,0,0,0,0,0,0,0,0,0,0,0,0,0,0,0,0,0,0,0,0,0,0,0,0,0,0,0,0,0,0,0,0,0,0,0,0,0,0,0,0,0,0,0,0,0,0,0,0,0,0,0,0,0,0,0,0,0,0,0,0,0,0,0,0,0,0,0,0,0,0
0.635538
40,51,38,18,1,0,0,0,14,16,9,4,1,10,9,11,19,11,17,24,34,173,229,245,228,171,52,34,8,12,13,13,1,2,8,22,36,50,59,49,41,29,19,1,102,153,166,147,93,65,58,47,32,14,24,25,13,14,21,20,22,27,22,24,44,56,65,151,200,212,193,129,79,69,63,52,39,19,19,23,22,13,14,23,33,26,14,8,11,17,97,143,153,132,73,58,50,47,44,42,36,32,22,19,20,35,44,41,34,29,27,30,48,143,183,189,163,94,37,32,17,17,12,8,2,0,0,9,18,14,7,7,9,5,9,15,70,104,104,73,23,14,13,7,5,7,11,18,18,14,19,22,19,11,15,24,14,5,10,53,84,86,59,28,18,6,1,10,6,0,0,0,0,0,0,0,0,0,0,0,0,10,44,73,78,58,26,13,8,5,0,0,3,5,0,0,0,0,0,0,0,0,6,10,29,91,120,119,88,29,0,0,0,0,0,0,0,0,0,0,0,0,0,0,0,0,0,0,33,53,46,15,0,0,0,0,0,1,0,0,0,0,0,0,0,0,0,0,0,2,12,50,73,66,33,1,0,0,0,0,0,0,0,0,0,0,0,0,0,0,0,0,0,0,28,45,40,17,0,0,0,0,0,0,0,0,0,0,0,0,0,0,0,0,0,0,0,39,60,57,33,7,0,0,0,0,0,0,0,0,0,0,0,0,0,0,0,0,0,0,18,47,50,29,0,0,0,0,0,0,0,0,0,0,0,0,0,0,0,0,0,0,0,35,51,38,5,0,0,0,0,0,0,0,0,0,0,0,0,0,0,0,0,0,0,0,36,50,39,10,0,0,0,0,0,0,0,0,0,0,0,0,0,0,0,0,0,0,0,25,41,31,4,0,0,0,0,0,0,0,0,0,0,0,0,0,0,0,0,0,0,19,53,59,41,9,0,0,0,0,0,0,0,0,0,0,0,0,0,0,0,0,0,0,27,54,56,37,13,0,0,0,0,0,0,0,0,0,0,0,0,0,0,0,0,0,0,12,39,40,17,0,0,0,0,0,0,0,0,0,0,0,0,0,0,0,0,0,0,0,9,41,49,37,11,0,0,0,0,0,0,0,0,0,0,0,0,0,0,0,0,0,0,0,7,6,5,0,0,0,0,0,0,0,0,0,0,0,0,0,0,0,0,0,0,0,3,27,28,10,0,0,0,0,0,0,0,0,0,0,0,0,0,0,0,0,0,0,0,26,44,40,20,0,0,0,0,0,0,0,0,0,0,0,0,0,0,0,0,0,0,0,26,43,34,7,0,0,0,0,0,0,0,0,0,0,0,0,0,0,0,0,0,0,0,28,41,34,15,0,0,0,0,0,0,0,0,0,0,0,0,0,0,0,0,0,0,5,41,53,46,27,3,0,0,0,0,0,0,0,0,0,0,0,0,0,0,0,0,0,0,0,0,0,0,0,0,0,0,0,0,0,0,0,0,0,0,0,0,0,0,0,0,0,15,23,15,3,0,0,0,0,0,0,0,0,0,0,0,0,0,0,0,0,0,0,0,12,22,18,6,0,0,0,0,0,0,0,0,0,0,0,0,0,0,0,0,0,0,0,0,0,0,0,0,0,0,0,0,0,0,0,0,0,0,0,0,0,0,0,0,0,0,2,5,0,0,0,0,0,0,0,0,0,0,0,0,0,0,0,0,0,0,0,0,0,15,19,8,0,0,0,0,0,0,0,0,0,0,0,0,0,0,0,0,0,0,0,0,11,9,0,0,0,0,0,0,0,0,0,0,0,0,0,0,0,0,0,0,0,0,0,0,0,0,0,0,0,0,0,0,0,0,0,0,0,0,0,0,0,0,0,0,0,0,0,0,0,0,0,0,0,0,0,0,0,0,0,0,0,0,0,0,0,0,0,0,0,0,0,0,0,0,0,0,0,0,0,0,0,0,0,0,0,0,0,0,0,0,0,0,0,0,0,0,0,0,0,0,0,0,0,0,0,0,0,0,0,0,0,0,0,0,0,0,0,0,0,0,0,0,0,0,0,0,0,0,0,0,0,0,0,0,0,0,0,0,0,0,0,0,0,0,0,0,0,0,0,0,0,0,0,0,0,0,0,0,0,0,0,0,0,0,0,0,0,0,0,0,0,0,0,0,0,0,0,0,0,0,0,0,0,0,0,0,0,0,0,0,0,0,0,0,0,0,0,0,0,0,0,0,0,0,0,0,0,0,0,0,0,0,0,0,0,0,0,0,0,0,0,0,0,0,0,0,0,0,0,0,0,0,0,0,0,0,0,0,0,0,0,0,0,0,0
0.65295
45,52,37,16,1,0,0,0,11,14,7,2,0,5,4,7,14,9,15,21,33,168,225,242,227,172,48,31,11,7,13,8,0,3,7,16,33,47,54,46,38,27,17,2,97,149,163,146,96,73,66,54,37,19,23,22,8,8,14,16,20,24,17,24,44,55,67,145,195,209,192,137,93,83,74,58,42,19,13,18,16,6,12,22,29,22,12,7,12,13,92,139,150,129,70,66,57,49,42,38,33,29,20,16,19,32,39,36,29,25,25,30,47,137,177,183,158,90,47,36,15,13,8,2,0,0,0,4,14,11,4,6,7,2,4,10,64,98,99,70,31,23,20,10,4,7,9,13,14,12,14,17,16,9,14,24,16,6,8,47,79,83,63,41,28,12,7,14,7,0,0,0,0,0,0,0,0,0,0,0,0,10,41,68,74,55,28,15,7,6,5,1,3,3,0,0,0,0,0,0,0,0,3,7,25,85,114,114,84,31,0,0,0,3,2,0,0,0,0,0,0,0,0,0,0,0,0,0,27,47,41,10,0,0,0,0,0,5,0,0,0,0,0,0,0,0,0,0,0,3,14,46,67,60,30,0,0,0,0,0,0,0,0,0,0,0,0,0,0,0,0,0,0,0,22,41,37,18,0,0,0,0,0,0,0,0,0,0,0,0,0,0,0,0,0,0,0,35,55,53,32,4,0,0,0,0,0,0,0,0,0,0,0,0,0,0,0,0,0,0,15,43,44,23,0,0,0,0,0,0,0,0,0,0,0,0,0,0,0,0,0,0,0,31,47,36,6,0,0,0,0,0,0,0,0,0,0,0,0,0,0,0,0,0,0,0,29,44,34,8,0,0,0,0,0,0,0,0,0,0,0,0,0,0,0,0,0,0,0,19,35,25,4,0,0,0,0,0,0,0,0,0,0,0,0,0,0,0,0,0,0,14,46,53,36,6,0,0,0,0,0,0,0,0,0,0,0,0,0,0,0,0,0,0,21,47,50,31,7,0,0,0,0,0,0,0,0,0,0,0,0,0,0,0,0,0,0,6,32,33,11,0,0,0,0,0,0,0,0,0,0,0,0,0,0,0,0,0,0,0,3,35,42,32,8,0,0,0,0,0,0,0,0,0,0,0,0,0,0,0,0,0,0,0,1,1,2,0,0,0,0,0,0,0,0,0,0,0,0,0,0,0,0,0,0,0,0,21,22,4,0,0,0,0,0,0,0,0,0,0,0,0,0,0,0,0,0,0,0,19,37,33,14,0,0,0,0,0,0,0,0,0,0,0,0,0,0,0,0,0,0,0,20,36,28,0,0,0,0,0,0,0,0,0,0,0,0,0,0,0,0,0,0,0,0,22,34,28,9,0,0,0,0,0,0,0,0,0,0,0,0,0,0,0,0,0,0,0,34,47,40,23,0,0,0,0,0,0,0,0,0,0,0,0,0,0,0,0,0,0,0,0,0,0,0,0,0,0,0,0,0,0,0,0,0,0,0,0,0,0,0,0,0,0,9,17,10,0,0,0,0,0,0,0,0,0,0,0,0,0,0,0,0,0,0,0,0,6,16,13,1,0,0,0,0,0,0,0,0,0,0,0,0,0,0,0,0,0,0,0,0,0,0,0,0,0,0,0,0,0,0,0,0,0,0,0,0,0,0,0,0,0,0,0,0,0,0,0,0,0,0,0,0,0,0,0,0,0,0,0,0,0,0,0,0,0,8,12,1,0,0,0,0,0,0,0,0,0,0,0,0,0,0,0,0,0,0,0,0,4,2,0,0,0,0,0,0,0,0,0,0,0,0,0,0,0,0,0,0,0,0,0,0,0,0,0,0,0,0,0,0,0,0,0,0,0,0,0,0,0,0,0,0,0,0,0,0,0,0,0,0,0,0,0,0,0,0,0,0,0,0,0,0,0,0,0,0,0,0,0,0,0,0,0,0,0,0,0,0,0,0,0,0,0,0,0,0,0,0,0,0,0,0,0,0,0,0,0,0,0,0,0,0,0,0,0,0,0,0,0,0,0,0,0,0,0,0,0,0,0,0,0,0,0,0,0,0,0,0,0,0,0,0,0,0,0,0,0,0,0,0,0,0,0,0,0,0,0,0,0,0,0,0,0,0,0,0,0,0,0,0,0,0,0,0,0,0,0,0,0,0,0,0,0,0,0,0,0,0,0,0,0,0,0,0,0,0,0,0,0,0,0,0,0,0,0,0,0,0,0,0,0,0,0,0,0,0,0,0,0,0,0,0,0,0,0,0,0,0,0,0,0,0,0,0,0,0,0,0,0,0,0,0,0,0,0,0,0,0,0,0,0,0,0
0.670362
42,48,32,12,2,0,0,0,6,9,1,0,0,0,0,2,8,3,13,14,31,163,221,238,224,170,47,27,11,3,7,4,0,0,3,14,36,52,56,44,33,22,12,0,92,146,161,145,97,77,65,48,31,14,19,17,3,4,10,13,22,25,14,19,42,51,63,139,189,203,188,137,97,88,73,53,38,14,8,12,10,1,9,20,25,16,6,2,8,11,87,133,144,123,67,64,51,43,37,33,27,23,14,10,13,26,34,31,24,19,19,25,42,130,171,177,151,84,41,32,14,9,3,0,0,0,0,0,10,5,0,1,1,0,0,4,58,91,92,64,31,25,19,9,2,1,3,8,9,7,8,12,11,5,11,21,12,1,2,41,72,78,59,36,23,8,6,13,6,0,0,0,0,0,0,0,0,0,0,0,0,3,34,62,68,48,23,12,3,1,0,0,0,0,0,0,0,0,0,0,0,0,0,1,19,78,108,107,78,27,0,0,0,0,0,0,0,0,0,0,0,0,0,0,0,0,0,0,21,41,36,8,0,0,0,0,0,0,0,0,0,0,0,0,0,0,0,0,0,0,9,39,60,54,23,0,0,0,0,0,0,0,0,0,0,0,0,0,0,0,0,0,0,0,16,35,31,13,0,0,0,0,0,0,0,0,0,0,0,0,0,0,0,0,0,0,0,29,48,47,26,0,0,0,0,0,0,0,0,0,0,0,0,0,0,0,0,0,0,0,9,36,37,17,0,0,0,0,0,0,0,0,0,0,0,0,0,0,0,0,0,0,0,24,40,30,1,0,0,0,0,0,0,0,0,0,0,0,0,0,0,0,0,0,0,0,23,37,28,3,0,0,0,0,0,0,0,0,0,0,0,0,0,0,0,0,0,0,0,13,29,20,0,0,0,0,0,0,0,0,0,0,0,0,0,0,0,0,0,0,0,8,39,46,30,2,0,0,0,0,0,0,0,0,0,0,0,0,0,0,0,0,0,0,15,41,43,25,0,0,0,0,0,0,0,0,0,0,0,0,0,0,0,0,0,0,0,0,26,26,5,0,0,0,0,0,0,0,0,0,0,0,0,0,0,0,0,0,0,0,0,28,36,26,1,0,0,0,0,0,0,0,0,0,0,0,0,0,0,0,0,0,0,0,0,0,0,0,0,0,0,0,0,0,0,0,0,0,0,0,0,0,0,0,0,0,0,14,15,0,0,0,0,0,0,0,0,0,0,0,0,0,0,0,0,0,0,0,0,12,30,27,7,0,0,0,0,0,0,0,0,0,0,0,0,0,0,0,0,0,0,0,13,29,21,0,0,0,0,0,0,0,0,0,0,0,0,0,0,0,0,0,0,0,0,15,27,22,3,0,0,0,0,0,0,0,0,0,0,0,0,0,0,0,0,0,0,0,27,40,33,16,0,0,0,0,0,0,0,0,0,0,0,0,0,0,0,0,0,0,0,0,0,0,0,0,0,0,0,0,0,0,0,0,0,0,0,0,0,0,0,0,0,0,2,10,3,0,0,0,0,0,0,0,0,0,0,0,0,0,0,0,0,0,0,0,0,0,9,6,0,0,0,0,0,0,0,0,0,0,0,0,0,0,0,0,0,0,0,0,0,0,0,0,0,0,0,0,0,0,0,0,0,0,0,0,0,0,0,0,0,0,0,0,0,0,0,0,0,0,0,0,0,0,0,0,0,0,0,0,0,0,0,0,0,0,1,5,0,0,0,0,0,0,0,0,0,0,0,0,0,0,0,0,0,0,0,0,0,0,0,0,0,0,0,0,0,0,0,0,0,0,0,0,0,0,0,0,0,0,0,0,0,0,0,0,0,0,0,0,0,0,0,0,0,0,0,0,0,0,0,0,0,0,0,0,0,0,0,0,0,0,0,0,0,0,0,0,0,0,0,0,0,0,0,0,0,0,0,0,0,0,0,0,0,0,0,0,0,0,0,0,0,0,0,0,0,0,0,0,0,0,0,0,0,0,0,0,0,0,0,0,0,0,0,0,0,0,0,0,0,0,0,0,0,0,0,0,0,0,0,0,0,0,0,0,0,0,0,0,0,0,0,0,0,0,0,0,0,0,0,0,0,0,0,0,0,0,0,0,0,0,0,0,0,0,0,0,0,0,0,0,0,0,0,0,0,0,0,0,0,0,0,0,0,0,0,0,0,0,0,0,0,0,0,0,0,0,0,0,0,0,0,0,0,0,0,0,0,0,0,0,0,0,0,0,0,0,0,0,0,0,0,0,0,0,0,0,0,0,0,0,0,0,0,0,0,0,0,0,0,0,0,0,0,0,0,0,0,0,0,0,0,0
0.68197
38,43,33,18,4,2,0,0,2,7,0,0,0,0,0,0,3,0,8,11,26,158,216,234,220,168,48,22,8,0,1,0,0,0,0,9,37,55,58,42,27,16,5,0,87,142,159,145,100,72,62,44,26,8,15,13,0,0,3,10,23,26,12,14,37,46,59,132,182,197,182,134,92,85,69,48,34,10,2,6,5,0,4,17,22,12,0,0,1,6,81,127,137,116,64,60,46,37,31,27,20,17,7,4,7,21,28,24,18,13,13,20,36,123,164,170,144,78,35,27,10,4,0,0,0,0,0,0,7,0,0,0,0,0,0,0,52,85,85,58,27,20,13,4,0,0,0,1,3,1,4,8,6,0,5,16,7,0,0,35,66,72,56,34,20,6,1,6,2,0,0,0,0,0,0,0,0,0,0,0,0,0,28,55,61,41,19,8,0,0,0,0,0,0,0,0,0,0,0,0,0,0,0,0,13,71,101,100,71,21,0,0,0,0,0,0,0,0,0,0,0,0,0,0,0,0,0,0,15,35,29,1,0,0,0,0,0,0,0,0,0,0,0,0,0,0,0,0,0,0,2,32,53,47,16,0,0,0,0,0,0,0,0,0,0,0,0,0,0,0,0,0,0,0,10,28,24,7,0,0,0,0,0,0,0,0,0,0,0,0,0,0,0,0,0,0,0,22,42,40,20,0,0,0,0,0,0,0,0,0,0,0,0,0,0,0,0,0,0,0,2,30,31,10,0,0,0,0,0,0,0,0,0,0,0,0,0,0,0,0,0,0,0,17,33,23,0,0,0,0,0,0,0,0,0,0,0,0,0,0,0,0,0,0,0,0,17,31,21,0,0,0,0,0,0,0,0,0,0,0,0,0,0,0,0,0,0,0,0,6,23,15,0,0,0,0,0,0,0,0,0,0,0,0,0,0,0,0,0,0,0,1,33,39,23,0,0,0,0,0,0,0,0,0,0,0,0,0,0,0,0,0,0,0,8,34,36,18,0,0,0,0,0,0,0,0,0,0,0,0,0,0,0,0,0,0,0,0,19,20,0,0,0,0,0,0,0,0,0,0,0,0,0,0,0,0,0,0,0,0,0,21,29,19,0,0,0,0,0,0,0,0,0,0,0,0,0,0,0,0,0,0,0,0,0,0,0,0,0,0,0,0,0,0,0,0,0,0,0,0,0,0,0,0,0,0,0,7,8,0,0,0,0,0,0,0,0,0,0,0,0,0,0,0,0,0,0,0,0,6,23,20,1,0,0,0,0,0,0,0,0,0,0,0,0,0,0,0,0,0,0,0,6,22,14,0,0,0,0,0,0,0,0,0,0,0,0,0,0,0,0,0,0,0,0,8,21,15,0,0,0,0,0,0,0,0,0,0,0,0,0,0,0,0,0,0,0,0,20,33,26,9,0,0,0,0,0,0,0,0,0,0,0,0,0,0,0,0,0,0,0,0,0,0,0,0,0,0,0,0,0,0,0,0,0,0,0,0,0,0,0,0,0,0,0,3,0,0,0,0,0,0,0,0,0,0,0,0,0,0,0,0,0,0,0,0,0,0,2,0,0,0,0,0,0,0,0,0,0,0,0,0,0,0,0,0,0,0,0,0,0,0,0,0,0,0,0,0,0,0,0,0,0,0,0,0,0,0,0,0,0,0,0,0,0,0,0,0,0,0,0,0,0,0,0,0,0,0,0,0,0,0,0,0,0,0,0,0,0,0,0,0,0,0,0,0,0,0,0,0,0,0,0,0,0,0,0,0,0,0,0,0,0,0,0,0,0,0,0,0,0,0,0,0,0,0,0,0,0,0,0,0,0,0,0,0,0,0,0,0,0,0,0,0,0,0,0,0,0,0,0,0,0,0,0,0,0,0,0,0,0,0,0,0,0,0,0,0,0,0,0,0,0,0,0,0,0,0,0,0,0,0,0,0,0,0,0,0,0,0,0,0,0,0,0,0,0,0,0,0,0,0,0,0,0,0,0,0,0,0,0,0,0,0,0,0,0,0,0,0,0,0,0,0,0,0,0,0,0,0,0,0,0,0,0,0,0,0,0,0,0,0,0,0,0,0,0,0,0,0,0,0,0,0,0,0,0,0,0,0,0,0,0,0,0,0,0,0,0,0,0,0,0,0,0,0,0,0,0,0,0,0,0,0,0,0,0,0,0,0,0,0,0,0,0,0,0,0,0,0,0,0,0,0,0,0,0,0,0,0,0,0,0,0,0,0,0,0,0,0,0,0,0,0,0,0,0,0,0,0,0,0,0,0,0,0,0,0,0,0,0,0,0,0,0,0,0,0,0,0,0,0,0,0
0.699382
42,48,42,30,13,4,0,0,0,3,0,0,0,0,0,0,0,0,3,7,20,152,211,229,215,164,47,18,3,0,0,0,0,0,0,4,33,53,56,39,22,10,0,0,81,137,155,142,99,66,56,39,22,1,9,7,0,0,0,4,19,24,9,8,32,41,53,125,176,191,176,127,86,79,63,41,28,5,0,0,0,0,0,13,17,6,0,0,0,0,74,120,131,110,59,54,40,30,25,21,14,11,2,0,1,14,22,18,13,7,7,15,30,116,157,163,138,71,30,22,4,0,0,0,0,0,0,0,4,0,0,0,0,0,0,0,45,78,78,51,20,14,7,0,0,0,0,0,0,0,0,2,0,0,0,10,1,0,0,28,59,66,49,29,14,0,0,0,0,0,0,0,0,0,0,0,0,0,0,0,0,0,21,49,54,35,13,1,0,0,0,0,0,0,0,0,0,0,0,0,0,0,0,0,6,64,94,93,64,15,0,0,0,0,0,0,0,0,0,0,0,0,0,0,0,0,0,0,8,28,23,0,0,0,0,0,0,0,0,0,0,0,0,0,0,0,0,0,0,0,0,25,46,40,10,0,0,0,0,0,0,0,0,0,0,0,0,0,0,0,0,0,0,0,3,21,17,0,0,0,0,0,0,0,0,0,0,0,0,0,0,0,0,0,0,0,0,16,35,34,13,0,0,0,0,0,0,0,0,0,0,0,0,0,0,0,0,0,0,0,0,23,24,3,0,0,0,0,0,0,0,0,0,0,0,0,0,0,0,0,0,0,0,10,26,16,0,0,0,0,0,0,0,0,0,0,0,0,0,0,0,0,0,0,0,0,10,24,14,0,0,0,0,0,0,0,0,0,0,0,0,0,0,0,0,0,0,0,0,0,16,9,0,0,0,0,0,0,0,0,0,0,0,0,0,0,0,0,0,0,0,0,26,32,17,0,0,0,0,0,0,0,0,0,0,0,0,0,0,0,0,0,0,0,1,27,29,11,0,0,0,0,0,0,0,0,0,0,0,0,0,0,0,0,0,0,0,0,12,14,0,0,0,0,0,0,0,0,0,0,0,0,0,0,0,0,0,0,0,0,0,14,23,13,0,0,0,0,0,0,0,0,0,0,0,0,0,0,0,0,0,0,0,0,0,0,0,0,0,0,0,0,0,0,0,0,0,0,0,0,0,0,0,0,0,0,0,0,1,0,0,0,0,0,0,0,0,0,0,0,0,0,0,0,0,0,0,0,0,0,16,13,0,0,0,0,0,0,0,0,0,0,0,0,0,0,0,0,0,0,0,0,0,15,7,0,0,0,0,0,0,0,0,0,0,0,0,0,0,0,0,0,0,0,0,1,14,8,0,0,0,0,0,0,0,0,0,0,0,0,0,0,0,0,0,0,0,0,13,26,19,2,0,0,0,0,0,0,0,0,0,0,0,0,0,0,0,0,0,0,0,0,0,0,0,0,0,0,0,0,0,0,0,0,0,0,0,0,0,0,0,0,0,0,0,0,0,0,0,0,0,0,0,0,0,0,0,0,0,0,0,0,0,0,0,0,0,0,0,0,0,0,0,0,0,0,0,0,0,0,0,0,0,0,0,0,0,0,0,0,0,0,0,0,0,0,0,0,0,0,0,0,0,0,0,0,0,0,0,0,0,0,0,0,0,0,0,0,0,0,0,0,0,0,0,0,0,0,0,0,0,0,0,0,0,0,0,0,0,0,0,0,0,0,0,0,0,0,0,0,0,0,0,0,0,0,0,0,0,0,0,0,0,0,0,0,0,0,0,0,0,0,0,0,0,0,0,0,0,0,0,0,0,0,0,0,0,0,0,0,0,0,0,0,0,0,0,0,0,0,0,0,0,0,0,0,0,0,0,0,0,0,0,0,0,0,0,0,0,0,0,0,0,0,0,0,0,0,0,0,0,0,0,0,0,0,0,0,0,0,0,0,0,0,0,0,0,0,0,0,0,0,0,0,0,0,0,0,0,0,0,0,0,0,0,0,0,0,0,0,0,0,0,0,0,0,0,0,0,0,0,0,0,0,0,0,0,0,0,0,0,0,0,0,0,0,0,0,0,0,0,0,0,0,0,0,0,0,0,0,0,0,0,0,0,0,0,0,0,0,0,0,0,0,0,0,0,0,0,0,0,0,0,0,0,0,0,0,0,0,0,0,0,0,0,0,0,0,0,0,0,0,0,0,0,0,0,0,0,0,0,0,0,0,0,0,0,0,0,0,0,0,0,0,0,0,0,0,0,0,0,0,0,0,0,0,0,0,0,0,0,0,0,0,0,0,0,0,0,0,0,0,0,0
0.716794
49,53,46,35,23,13,3,0,1,6,0,0,0,0,0,0,5,4,9,13,26,146,204,222,209,158,47,22,11,3,1,0,0,0,0,2,29,48,50,34,21,12,3,0,75,131,149,137,96,61,52,35,16,1,7,5,0,0,0,0,15,18,2,2,26,35,46,118,168,183,169,121,79,72,56,34,22,0,0,0,0,0,0,7,11,0,0,0,0,0,67,113,124,103,53,48,33,24,19,15,9,5,0,0,0,8,16,12,7,0,1,8,24,109,150,156,130,64,23,16,0,0,0,0,0,0,0,0,0,0,0,0,0,0,0,0,38,71,71,44,13,8,1,0,0,0,0,0,0,0,0,0,0,0,0,3,0,0,0,22,52,58,42,22,8,0,0,0,0,0,0,0,0,0,0,0,0,0,0,0,0,0,14,42,47,28,6,0,0,0,0,0,0,0,0,0,0,0,0,0,0,0,0,0,0,57,87,86,57,9,0,0,0,0,0,0,0,0,0,0,0,0,0,0,0,0,0,0,2,21,16,0,0,0,0,0,0,0,0,0,0,0,0,0,0,0,0,0,0,0,0,19,39,33,3,0,0,0,0,0,0,0,0,0,0,0,0,0,0,0,0,0,0,0,0,14,10,0,0,0,0,0,0,0,0,0,0,0,0,0,0,0,0,0,0,0,0,9,28,27,6,0,0,0,0,0,0,0,0,0,0,0,0,0,0,0,0,0,0,0,0,16,17,0,0,0,0,0,0,0,0,0,0,0,0,0,0,0,0,0,0,0,0,4,20,10,0,0,0,0,0,0,0,0,0,0,0,0,0,0,0,0,0,0,0,0,3,17,7,0,0,0,0,0,0,0,0,0,0,0,0,0,0,0,0,0,0,0,0,0,9,2,0,0,0,0,0,0,0,0,0,0,0,0,0,0,0,0,0,0,0,0,19,25,10,0,0,0,0,0,0,0,0,0,0,0,0,0,0,0,0,0,0,0,0,20,22,4,0,0,0,0,0,0,0,0,0,0,0,0,0,0,0,0,0,0,0,0,5,7,0,0,0,0,0,0,0,0,0,0,0,0,0,0,0,0,0,0,0,0,0,8,16,6,0,0,0,0,0,0,0,0,0,0,0,0,0,0,0,0,0,0,0,0,0,0,0,0,0,0,0,0,0,0,0,0,0,0,0,0,0,0,0,0,0,0,0,0,0,0,0,0,0,0,0,0,0,0,0,0,0,0,0,0,0,0,0,0,0,0,9,6,0,0,0,0,0,0,0,0,0,0,0,0,0,0,0,0,0,0,0,0,0,8,0,0,0,0,0,0,0,0,0,0,0,0,0,0,0,0,0,0,0,0,0,0,7,1,0,0,0,0,0,0,0,0,0,0,0,0,0,0,0,0,0,0,0,0,6,19,12,0,0,0,0,0,0,0,0,0,0,0,0,0,0,0,0,0,0,0,0,0,0,0,0,0,0,0,0,0,0,0,0,0,0,0,0,0,0,0,0,0,0,0,0,0,0,0,0,0,0,0,0,0,0,0,0,0,0,0,0,0,0,0,0,0,0,0,0,0,0,0,0,0,0,0,0,0,0,0,0,0,0,0,0,0,0,0,0,0,0,0,0,0,0,0,0,0,0,0,0,0,0,0,0,0,0,0,0,0,0,0,0,0,0,0,0,0,0,0,0,0,0,0,0,0,0,0,0,0,0,0,0,0,0,0,0,0,0,0,0,0,0,0,0,0,0,0,0,0,0,0,0,0,0,0,0,0,0,0,0,0,0,0,0,0,0,0,0,0,0,0,0,0,0,0,0,0,0,0,0,0,0,0,0,0,0,0,0,0,0,0,0,0,0,0,0,0,0,0,0,0,0,0,0,0,0,0,0,0,0,0,0,0,0,0,0,0,0,0,0,0,0,0,0,0,0,0,0,0,0,0,0,0,0,0,0,0,0,0,0,0,0,0,0,0,0,0,0,0,0,0,0,0,0,0,0,0,0,0,0,0,0,0,0,0,0,0,0,0,0,0,0,0,0,0,0,0,0,0,0,0,0,0,0,0,0,0,0,0,0,0,0,0,0,0,0,0,0,0,0,0,0,0,0,0,0,0,0,0,0,0,0,0,0,0,0,0,0,0,0,0,0,0,0,0,0,0,0,0,0,0,0,0,0,0,0,0,0,0,0,0,0,0,0,0,0,0,0,0,0,0,0,0,0,0,0,0,0,0,0,0,0,0,0,0,0,0,0,0,0,0,0,0,0,0,0,0,0,0,0,0,0,0,0,0,0,0,0,0,0,0,0,0,0,0,0,0,0,0,0,0,0,0
0.734206
45,50,43,32,21,11,2,0,0,3,0,0,0,0,0,0,3,3,7,11,24,139,197,215,202,151,43,21,9,1,0,0,0,0,0,0,23,42,43,29,16,7,1,0,69,124,142,130,89,54,46,29,10,0,2,0,0,0,0,0,9,11,0,0,19,28,39,111,161,176,162,113,72,65,49,28,15,0,0,0,0,0,0,0,4,0,0,0,0,0,60,106,117,96,46,41,27,17,12,9,2,0,0,0,0,1,9,5,0,0,0,2,17,102,143,149,123,57,16,9,0,0,0,0,0,0,0,0,0,0,0,0,0,0,0,0,31,64,64,37,6,1,0,0,0,0,0,0,0,0,0,0,0,0,0,0,0,0,0,15,45,51,35,15,1,0,0,0,0,0,0,0,0,0,0,0,0,0,0,0,0,0,7,35,40,21,0,0,0,0,0,0,0,0,0,0,0,0,0,0,0,0,0,0,0,50,80,79,50,2,0,0,0,0,0,0,0,0,0,0,0,0,0,0,0,0,0,0,0,14,9,0,0,0,0,0,0,0,0,0,0,0,0,0,0,0,0,0,0,0,0,12,32,26,0,0,0,0,0,0,0,0,0,0,0,0,0,0,0,0,0,0,0,0,0,7,3,0,0,0,0,0,0,0,0,0,0,0,0,0,0,0,0,0,0,0,0,2,21,20,0,0,0,0,0,0,0,0,0,0,0,0,0,0,0,0,0,0,0,0,0,9,10,0,0,0,0,0,0,0,0,0,0,0,0,0,0,0,0,0,0,0,0,0,13,3,0,0,0,0,0,0,0,0,0,0,0,0,0,0,0,0,0,0,0,0,0,10,0,0,0,0,0,0,0,0,0,0,0,0,0,0,0,0,0,0,0,0,0,0,2,0,0,0,0,0,0,0,0,0,0,0,0,0,0,0,0,0,0,0,0,0,12,18,3,0,0,0,0,0,0,0,0,0,0,0,0,0,0,0,0,0,0,0,0,13,15,0,0,0,0,0,0,0,0,0,0,0,0,0,0,0,0,0,0,0,0,0,0,0,0,0,0,0,0,0,0,0,0,0,0,0,0,0,0,0,0,0,0,0,0,1,9,0,0,0,0,0,0,0,0,0,0,0,0,0,0,0,0,0,0,0,0,0,0,0,0,0,0,0,0,0,0,0,0,0,0,0,0,0,0,0,0,0,0,0,0,0,0,0,0,0,0,0,0,0,0,0,0,0,0,0,0,0,0,0,0,0,0,0,3,0,0,0,0,0,0,0,0,0,0,0,0,0,0,0,0,0,0,0,0,0,0,1,0,0,0,0,0,0,0,0,0,0,0,0,0,0,0,0,0,0,0,0,0,0,0,0,0,0,0,0,0,0,0,0,0,0,0,0,0,0,0,0,0,0,0,0,0,12,5,0,0,0,0,0,0,0,0,0,0,0,0,0,0,0,0,0,0,0,0,0,0,0,0,0,0,0,0,0,0,0,0,0,0,0,0,0,0,0,0,0,0,0,0,0,0,0,0,0,0,0,0,0,0,0,0,0,0,0,0,0,0,0,0,0,0,0,0,0,0,0,0,0,0,0,0,0,0,0,0,0,0,0,0,0,0,0,0,0,0,0,0,0,0,0,0,0,0,0,0,0,0,0,0,0,0,0,0,0,0,0,0,0,0,0,0,0,0,0,0,0,0,0,0,0,0,0,0,0,0,0,0,0,0,0,0,0,0,0,0,0,0,0,0,0,0,0,0,0,0,0,0,0,0,0,0,0,0,0,0,0,0,0,0,0,0,0,0,0,0,0,0,0,0,0,0,0,0,0,0,0,0,0,0,0,0,0,0,0,0,0,0,0,0,0,0,0,0,0,0,0,0,0,0,0,0,0,0,0,0,0,0,0,0,0,0,0,0,0,0,0,0,0,0,0,0,0,0,0,0,0,0,0,0,0,0,0,0,0,0,0,0,0,0,0,0,0,0,0,0,0,0,0,0,0,0,0,0,0,0,0,0,0,0,0,0,0,0,0,0,0,0,0,0,0,0,0,0,0,0,0,0,0,0,0,0,0,0,0,0,0,0,0,0,0,0,0,0,0,0,0,0,0,0,0,0,0,0,0,0,0,0,0,0,0,0,0,0,0,0,0,0,0,0,0,0,0,0,0,0,0,0,0,0,0,0,0,0,0,0,0,0,0,0,0,0,0,0,0,0,0,0,0,0,0,0,0,0,0,0,0,0,0,0,0,0,0,0,0,0,0,0,0,0,0,0,0,0,0,0,0,0,0,0,0,0,0,0,0,0,0,0,0,0,0,0,0,0,0,0,0,0,0
0.751618
40,44,36,25,14,4,0,0,0,0,0,0,0,0,0,0,0,0,0,4,17,132,190,208,195,144,36,14,2,0,0,0,0,0,0,0,16,35,36,22,9,0,0,0,62,117,135,123,82,47,39,22,3,0,0,0,0,0,0,0,1,4,0,0,12,21,32,104,154,169,154,106,65,58,42,21,8,0,0,0,0,0,0,0,0,0,0,0,0,0,53,99,110,89,39,34,20,10,5,2,0,0,0,0,0,0,2,0,0,0,0,0,10,95,135,142,116,50,9,2,0,0,0,0,0,0,0,0,0,0,0,0,0,0,0,0,24,57,57,30,0,0,0,0,0,0,0,0,0,0,0,0,0,0,0,0,0,0,0,8,38,44,28,8,0,0,0,0,0,0,0,0,0,0,0,0,0,0,0,0,0,0,0,28,33,14,0,0,0,0,0,0,0,0,0,0,0,0,0,0,0,0,0,0,0,43,73,72,43,0,0,0,0,0,0,0,0,0,0,0,0,0,0,0,0,0,0,0,0,7,2,0,0,0,0,0,0,0,0,0,0,0,0,0,0,0,0,0,0,0,0,5,25,19,0,0,0,0,0,0,0,0,0,0,0,0,0,0,0,0,0,0,0,0,0,0,0,0,0,0,0,0,0,0,0,0,0,0,0,0,0,0,0,0,0,0,0,0,14,13,0,0,0,0,0,0,0,0,0,0,0,0,0,0,0,0,0,0,0,0,0,2,3,0,0,0,0,0,0,0,0,0,0,0,0,0,0,0,0,0,0,0,0,0,6,0,0,0,0,0,0,0,0,0,0,0,0,0,0,0,0,0,0,0,0,0,0,3,0,0,0,0,0,0,0,0,0,0,0,0,0,0,0,0,0,0,0,0,0,0,0,0,0,0,0,0,0,0,0,0,0,0,0,0,0,0,0,0,0,0,0,0,5,12,0,0,0,0,0,0,0,0,0,0,0,0,0,0,0,0,0,0,0,0,0,6,9,0,0,0,0,0,0,0,0,0,0,0,0,0,0,0,0,0,0,0,0,0,0,0,0,0,0,0,0,0,0,0,0,0,0,0,0,0,0,0,0,0,0,0,0,0,2,0,0,0,0,0,0,0,0,0,0,0,0,0,0,0,0,0,0,0,0,0,0,0,0,0,0,0,0,0,0,0,0,0,0,0,0,0,0,0,0,0,0,0,0,0,0,0,0,0,0,0,0,0,0,0,0,0,0,0,0,0,0,0,0,0,0,0,0,0,0,0,0,0,0,0,0,0,0,0,0,0,0,0,0,0,0,0,0,0,0,0,0,0,0,0,0,0,0,0,0,0,0,0,0,0,0,0,0,0,0,0,0,0,0,0,0,0,0,0,0,0,0,0,0,0,0,0,0,0,0,0,0,0,0,0,0,5,0,0,0,0,0,0,0,0,0,0,0,0,0,0,0,0,0,0,0,0,0,0,0,0,0,0,0,0,0,0,0,0,0,0,0,0,0,0,0,0,0,0,0,0,0,0,0,0,0,0,0,0,0,0,0,0,0,0,0,0,0,0,0,0,0,0,0,0,0,0,0,0,0,0,0,0,0,0,0,0,0,0,0,0,0,0,0,0,0,0,0,0,0,0,0,0,0,0,0,0,0,0,0,0,0,0,0,0,0,0,0,0,0,0,0,0,0,0,0,0,0,0,0,0,0,0,0,0,0,0,0,0,0,0,0,0,0,0,0,0,0,0,0,0,0,0,0,0,0,0,0,0,0,0,0,0,0,0,0,0,0,0,0,0,0,0,0,0,0,0,0,0,0,0,0,0,0,0,0,0,0,0,0,0,0,0,0,0,0,0,0,0,0,0,0,0,0,0,0,0,0,0,0,0,0,0,0,0,0,0,0,0,0,0,0,0,0,0,0,0,0,0,0,0,0,0,0,0,0,0,0,0,0,0,0,0,0,0,0,0,0,0,0,0,0,0,0,0,0,0,0,0,0,0,0,0,0,0,0,0,0,0,0,0,0,0,0,0,0,0,0,0,0,0,0,0,0,0,0,0,0,0,0,0,0,0,0,0,0,0,0,0,0,0,0,0,0,0,0,0,0,0,0,0,0,0,0,0,0,0,0,0,0,0,0,0,0,0,0,0,0,0,0,0,0,0,0,0,0,0,0,0,0,0,0,0,0,0,0,0,0,0,0,0,0,0,0,0,0,0,0,0,0,0,0,0,0,0,0,0,0,0,0,0,0,0,0,0,0,0,0,0,0,0,0,0,0,0,0,0,0,0,0,0,0,0,0,0,0,0,0,0,0,0,0,0,0,0,0,0,0,0,0,0
0.76903
34,37,29,18,6,0,0,0,0,0,0,0,0,0,0,0,0,0,0,0,10,125,183,201,187,137,29,7,0,0,0,0,0,0,0,0,9,28,29,15,2,0,0,0,55,110,128,116,75,40,32,15,0,0,0,0,0,0,0,0,0,0,0,0,5,14,25,97,147,162,147,99,58,51,35,14,1,0,0,0,0,0,0,0,0,0,0,0,0,0,46,92,103,82,32,27,13,3,0,0,0,0,0,0,0,0,0,0,0,0,0,0,3,88,128,135,109,43,2,0,0,0,0,0,0,0,0,0,0,0,0,0,0,0,0,0,17,49,50,23,0,0,0,0,0,0,0,0,0,0,0,0,0,0,0,0,0,0,0,1,31,37,21,1,0,0,0,0,0,0,0,0,0,0,0,0,0,0,0,0,0,0,0,21,26,7,0,0,0,0,0,0,0,0,0,0,0,0,0,0,0,0,0,0,0,36,66,65,36,0,0,0,0,0,0,0,0,0,0,0,0,0,0,0,0,0,0,0,0,0,0,0,0,0,0,0,0,0,0,0,0,0,0,0,0,0,0,0,0,0,0,0,18,12,0,0,0,0,0,0,0,0,0,0,0,0,0,0,0,0,0,0,0,0,0,0,0,0,0,0,0,0,0,0,0,0,0,0,0,0,0,0,0,0,0,0,0,0,7,6,0,0,0,0,0,0,0,0,0,0,0,0,0,0,0,0,0,0,0,0,0,0,0,0,0,0,0,0,0,0,0,0,0,0,0,0,0,0,0,0,0,0,0,0,0,0,0,0,0,0,0,0,0,0,0,0,0,0,0,0,0,0,0,0,0,0,0,0,0,0,0,0,0,0,0,0,0,0,0,0,0,0,0,0,0,0,0,0,0,0,0,0,0,0,0,0,0,0,0,0,0,0,0,0,0,0,0,0,0,0,0,0,0,5,0,0,0,0,0,0,0,0,0,0,0,0,0,0,0,0,0,0,0,0,0,0,2,0,0,0,0,0,0,0,0,0,0,0,0,0,0,0,0,0,0,0,0,0,0,0,0,0,0,0,0,0,0,0,0,0,0,0,0,0,0,0,0,0,0,0,0,0,0,0,0,0,0,0,0,0,0,0,0,0,0,0,0,0,0,0,0,0,0,0,0,0,0,0,0,0,0,0,0,0,0,0,0,0,0,0,0,0,0,0,0,0,0,0,0,0,0,0,0,0,0,0,0,0,0,0,0,0,0,0,0,0,0,0,0,0,0,0,0,0,0,0,0,0,0,0,0,0,0,0,0,0,0,0,0,0,0,0,0,0,0,0,0,0,0,0,0,0,0,0,0,0,0,0,0,0,0,0,0,0,0,0,0,0,0,0,0,0,0,0,0,0,0,0,0,0,0,0,0,0,0,0,0,0,0,0,0,0,0,0,0,0,0,0,0,0,0,0,0,0,0,0,0,0,0,0,0,0,0,0,0,0,0,0,0,0,0,0,0,0,0,0,0,0,0,0,0,0,0,0,0,0,0,0,0,0,0,0,0,0,0,0,0,0,0,0,0,0,0,0,0,0,0,0,0,0,0,0,0,0,0,0,0,0,0,0,0,0,0,0,0,0,0,0,0,0,0,0,0,0,0,0,0,0,0,0,0,0,0,0,0,0,0,0,0,0,0,0,0,0,0,0,0,0,0,0,0,0,0,0,0,0,0,0,0,0,0,0,0,0,0,0,0,0,0,0,0,0,0,0,0,0,0,0,0,0,0,0,0,0,0,0,0,0,0,0,0,0,0,0,0,0,0,0,0,0,0,0,0,0,0,0,0,0,0,0,0,0,0,0,0,0,0,0,0,0,0,0,0,0,0,0,0,0,0,0,0,0,0,0,0,0,0,0,0,0,0,0,0,0,0,0,0,0,0,0,0,0,0,0,0,0,0,0,0,0,0,0,0,0,0,0,0,0,0,0,0,0,0,0,0,0,0,0,0,0,0,0,0,0,0,0,0,0,0,0,0,0,0,0,0,0,0,0,0,0,0,0,0,0,0,0,0,0,0,0,0,0,0,0,0,0,0,0,0,0,0,0,0,0,0,0,0,0,0,0,0,0,0,0,0,0,0,0,0,0,0,0,0,0,0,0,0,0,0,0,0,0,0,0,0,0,0,0,0,0,0,0,0,0,0,0,0,0,0,0,0,0,0,0,0,0,0,0,0,0,0,0,0,0,0,0,0,0,0,0,0,0,0,0,0,0,0,0,0,0,0,0,0,0,0,0,0,0,0,0,0,0,0,0,0,0,0,0,0,0,0,0,0,0,0,0,0,0,0,0,0,0,0,0